TEMPLATE OIL/GAS/MINING/LAND -   RESOURCECONTRACTS.ORG ,,Mar-14,,,,,,,,,,,,,,,,,,,,,,,,,,,,,,,,,,,,,,,,,,,,,,,,,,,,,,,,,,,,,,,,,,,,,,,,,,,,,,,,,,,,,,,,,,,,,,,,,,,,,,,,,,,,,,,,,,,,,,,,,,,,,,,,,,,,,,,,,,,,,,,,,,,,,,,,,,,,,,,,,,,,,,,,,,,,,,,,,,,,,,,,,,,,,,,,,,,,,,,,,,,,,,,,,,,,,,,,,,,,,,,,,,,,,,,,,,,,,,,,,,,,,,,,,,,,,
,An Act to Ratify the Forest Management Contract Area 'A' in Lofa and Gbarpolu Counties Between the Republic of Liberia Represented by the Forestry Development Authority and Alpha Logging & Wood Processing Incorporated,,,,,FOR UPLOADERS - AUTOMATICALLY FILLED,,,,,,,,,,,,,,,,,,,,,,,,,,,,,,,,,,,,,,,,,,,,,,,,,,,,,,,,,,,,,,,,,,,,,,,,,,,,,,,,,,,,,,,,,,,,,,,,,,,,,,,,,,,,,,,,,,,,,,,,,,,,,,,,,,,,,,,,,,,,,,,,,,,,,,,,,,,,,,,,,,,,,,,,,,,,,,,,,,,,,,,,,,,,,,,,,,,,,,,,,,,,,,,,,,,,,,,,,,,,,,,,,,,,,,,,,,,,,,,,,,,,,,,,,
Français,English,Details,"Article/
Reference ",Page (permalink),Notes,Details with Reference,Details-Reference (AUTOMATIC),Column1,Column2,Column3,Column4,Column5,Column6,Column7,Column8,Column9,Column10,Column11,Column12,Column13,Column14,Column15,Column16,Column17,Column18,Column19,Column20,Column21,Column22,Column23,Column24,Column25,Column26,Column27,Column28,Column29,Column30,Column31,Column32,Column33,Column34,Column35,Column36,Column37,Column38,Column39,Column40,Column41,Column42,Column43,Column44,Column45,Column46,Column47,Column48,Column49,Column50,Column51,Column52,Column53,Column54,Column55,Column56,Column57,Column58,Column59,Column60,Column61,Column62,Column63,Column64,Column65,Column66,Column67,Column68,Column69,Column70,Column71,Column72,Column73,Column74,Column75,Column76,Column77,Column78,Column79,Column80,Column81,Column82,Column83,Column84,Column85,Column86,Column87,Column88,Column89,Column90,Column91,Column92,Column93,Column94,Column95,Column96,Column97,Column98,Column99,Column100,Column101,Column102,Column103,Column104,Column105,Column106,Column107,Column108,Column109,Column110,Column111,Column112,Column113,Column114,Column115,Column116,Column117,Column118,Column119,Column120,Column121,Column122,Column123,Column124,Column125,Column126,Column127,Column128,Column129,Column130,Column131,Column132,Column133,Column134,Column135,Column136,Column137,Column138,Column139,Column140,Column141,Column142,Column143,Column144,Column145,Column146,Column147,Column148,Column149,Column150,Column151,Column152,Column153,Column154,Column155,Column156,Column157,Column158,Column159,Column160,Column161,Column162,Column163,Column164,Column165,Column166,Column167,Column168,Column169,Column170,Column171,Column172,Column173,Column174,Column175,Column176,Column177,Column178,Column179,Column180,Column181,Column182,Column183,Column184,Column185,Column186,Column187,Column188,Column189,Column190,Column191,Column192,Column193,Column194,Column195,Column196,Column197,Column198,Column199,Column200,Column201,Column202,Column203,Column204,Column205,Column206,Column207,Column208,Column209,Column210,Column211,Column212,Column213,Column214,Column215,Column216,Column217,Column218,Column219,Column220,Column221,Column222,Column223,Column224,Column225,Column226,Column227,Column228,Column229,Column230,Column231,Column232,Column233,Column234,Column235,Column236,Column237,Column238,Column239,Column240,Column241,Column242,Column243,Column244,Column245,Column246,Column247,Column248
I. Information générale sur le projet ,General information,,,,,I. Information générale sur le projet //General information,,,,,,,,,,,,,,,,,,,,,,,,,,,,,,,,,,,,,,,,,,,,,,,,,,,,,,,,,,,,,,,,,,,,,,,,,,,,,,,,,,,,,,,,,,,,,,,,,,,,,,,,,,,,,,,,,,,,,,,,,,,,,,,,,,,,,,,,,,,,,,,,,,,,,,,,,,,,,,,,,,,,,,,,,,,,,,,,,,,,,,,,,,,,,,,,,,,,,,,,,,,,,,,,,,,,,,,,,,,,,,,,,,,,,,,,,,,,,,,,,,,,,,,,,
Pays,Country,Republic of Liberia,Title page,3,,Pays//Country,Republic of Liberia--Title page,,,,,,,,,,,,,,,,,,,,,,,,,,,,,,,,,,,,,,,,,,,,,,,,,,,,,,,,,,,,,,,,,,,,,,,,,,,,,,,,,,,,,,,,,,,,,,,,,,,,,,,,,,,,,,,,,,,,,,,,,,,,,,,,,,,,,,,,,,,,,,,,,,,,,,,,,,,,,,,,,,,,,,,,,,,,,,,,,,,,,,,,,,,,,,,,,,,,,,,,,,,,,,,,,,,,,,,,,,,,,,,,,,,,,,,,,,,,,,,,,,,,,,,,
Nom de la société locale,Local company name,Alpha Logging & Processing Incorporated,,,,Nom de la société locale//Local company name,Alpha Logging & Processing Incorporated,,,,,,,,,,,,,,,,,,,,,,,,,,,,,,,,,,,,,,,,,,,,,,,,,,,,,,,,,,,,,,,,,,,,,,,,,,,,,,,,,,,,,,,,,,,,,,,,,,,,,,,,,,,,,,,,,,,,,,,,,,,,,,,,,,,,,,,,,,,,,,,,,,,,,,,,,,,,,,,,,,,,,,,,,,,,,,,,,,,,,,,,,,,,,,,,,,,,,,,,,,,,,,,,,,,,,,,,,,,,,,,,,,,,,,,,,,,,,,,,,,,,,,,,
Siège social ,Corporate headquarters ,,,,,Siège social //Corporate headquarters ,,,,,,,,,,,,,,,,,,,,,,,,,,,,,,,,,,,,,,,,,,,,,,,,,,,,,,,,,,,,,,,,,,,,,,,,,,,,,,,,,,,,,,,,,,,,,,,,,,,,,,,,,,,,,,,,,,,,,,,,,,,,,,,,,,,,,,,,,,,,,,,,,,,,,,,,,,,,,,,,,,,,,,,,,,,,,,,,,,,,,,,,,,,,,,,,,,,,,,,,,,,,,,,,,,,,,,,,,,,,,,,,,,,,,,,,,,,,,,,,,,,,,,,,,
Structure du Capital,Company structure,,,,,Structure du Capital//Company structure,,,,,,,,,,,,,,,,,,,,,,,,,,,,,,,,,,,,,,,,,,,,,,,,,,,,,,,,,,,,,,,,,,,,,,,,,,,,,,,,,,,,,,,,,,,,,,,,,,,,,,,,,,,,,,,,,,,,,,,,,,,,,,,,,,,,,,,,,,,,,,,,,,,,,,,,,,,,,,,,,,,,,,,,,,,,,,,,,,,,,,,,,,,,,,,,,,,,,,,,,,,,,,,,,,,,,,,,,,,,,,,,,,,,,,,,,,,,,,,,,,,,,,,,,
"Société(s) mère(s) ou affiliée(s) hors du pays, si diffèrent de celle(s) notée(s) ci-dessus; et leurs sièges sociales ","Parent companies or affilates outside of the country, if different from the above mentioned; and their corporate headquarters",,,,,"Société(s) mère(s) ou affiliée(s) hors du pays, si diffèrent de celle(s) notée(s) ci-dessus; et leurs sièges sociales //Parent companies or affilates outside of the country, if different from the above mentioned; and their corporate headquarters",,,,,,,,,,,,,,,,,,,,,,,,,,,,,,,,,,,,,,,,,,,,,,,,,,,,,,,,,,,,,,,,,,,,,,,,,,,,,,,,,,,,,,,,,,,,,,,,,,,,,,,,,,,,,,,,,,,,,,,,,,,,,,,,,,,,,,,,,,,,,,,,,,,,,,,,,,,,,,,,,,,,,,,,,,,,,,,,,,,,,,,,,,,,,,,,,,,,,,,,,,,,,,,,,,,,,,,,,,,,,,,,,,,,,,,,,,,,,,,,,,,,,,,,,
Site web de l’entreprise,Company website,,,,,Site web de l’entreprise//Company website,,,,,,,,,,,,,,,,,,,,,,,,,,,,,,,,,,,,,,,,,,,,,,,,,,,,,,,,,,,,,,,,,,,,,,,,,,,,,,,,,,,,,,,,,,,,,,,,,,,,,,,,,,,,,,,,,,,,,,,,,,,,,,,,,,,,,,,,,,,,,,,,,,,,,,,,,,,,,,,,,,,,,,,,,,,,,,,,,,,,,,,,,,,,,,,,,,,,,,,,,,,,,,,,,,,,,,,,,,,,,,,,,,,,,,,,,,,,,,,,,,,,,,,,,
"Type du titre associé au contrat (concession, bail, contrat de partage, contrat de service…)","Type of document / right (Concession, Lease, Production Sharing Agreement, Service Agreement, etc.)",Forest Management Contract,,3,,"Type du titre associé au contrat (concession, bail, contrat de partage, contrat de service…)//Type of document / right (Concession, Lease, Production Sharing Agreement, Service Agreement, etc.)",Forest Management Contract,,,,,,,,,,,,,,,,,,,,,,,,,,,,,,,,,,,,,,,,,,,,,,,,,,,,,,,,,,,,,,,,,,,,,,,,,,,,,,,,,,,,,,,,,,,,,,,,,,,,,,,,,,,,,,,,,,,,,,,,,,,,,,,,,,,,,,,,,,,,,,,,,,,,,,,,,,,,,,,,,,,,,,,,,,,,,,,,,,,,,,,,,,,,,,,,,,,,,,,,,,,,,,,,,,,,,,,,,,,,,,,,,,,,,,,,,,,,,,,,,,,,,,,,
Nom du projet,Project title,Alpha Logging and Wood Processing Concession,Art. A1,15 (top),,Nom du projet//Project title,Alpha Logging and Wood Processing Concession--Art. A1,,,,,,,,,,,,,,,,,,,,,,,,,,,,,,,,,,,,,,,,,,,,,,,,,,,,,,,,,,,,,,,,,,,,,,,,,,,,,,,,,,,,,,,,,,,,,,,,,,,,,,,,,,,,,,,,,,,,,,,,,,,,,,,,,,,,,,,,,,,,,,,,,,,,,,,,,,,,,,,,,,,,,,,,,,,,,,,,,,,,,,,,,,,,,,,,,,,,,,,,,,,,,,,,,,,,,,,,,,,,,,,,,,,,,,,,,,,,,,,,,,,,,,,,
Nom du gisement/ champ de pétrole/ gas,"Name and/or number of field, block or deposit",Area A,Aerial Map,19 (top),,"Nom du gisement/ champ de pétrole/ gas//Name and/or number of field, block or deposit",Area A--Aerial Map,,,,,,,,,,,,,,,,,,,,,,,,,,,,,,,,,,,,,,,,,,,,,,,,,,,,,,,,,,,,,,,,,,,,,,,,,,,,,,,,,,,,,,,,,,,,,,,,,,,,,,,,,,,,,,,,,,,,,,,,,,,,,,,,,,,,,,,,,,,,,,,,,,,,,,,,,,,,,,,,,,,,,,,,,,,,,,,,,,,,,,,,,,,,,,,,,,,,,,,,,,,,,,,,,,,,,,,,,,,,,,,,,,,,,,,,,,,,,,,,,,,,,,,,
"Emplacement, longitude et latitude / terrestre vs marin (peu profond vs. profond) ","Location, longitude and latitude /  Onshore vs Offshore (shallow vs. deep) ",Latitudes 7 12'0''-7 36'0'' N and Longitudes 9 36'0''-10 0'0'' West,Art. A1,15 (top),,"Emplacement, longitude et latitude / terrestre vs marin (peu profond vs. profond) //Location, longitude and latitude /  Onshore vs Offshore (shallow vs. deep) ",Latitudes 7 12'0''-7 36'0'' N and Longitudes 9 36'0''-10 0'0'' West--Art. A1,,,,,,,,,,,,,,,,,,,,,,,,,,,,,,,,,,,,,,,,,,,,,,,,,,,,,,,,,,,,,,,,,,,,,,,,,,,,,,,,,,,,,,,,,,,,,,,,,,,,,,,,,,,,,,,,,,,,,,,,,,,,,,,,,,,,,,,,,,,,,,,,,,,,,,,,,,,,,,,,,,,,,,,,,,,,,,,,,,,,,,,,,,,,,,,,,,,,,,,,,,,,,,,,,,,,,,,,,,,,,,,,,,,,,,,,,,,,,,,,,,,,,,,,
Lieu-dit habité le plus proche,Closest community,Town of Dekeibe,Art.A1,15 (top),,Lieu-dit habité le plus proche//Closest community,Town of Dekeibe--Art.A1,,,,,,,,,,,,,,,,,,,,,,,,,,,,,,,,,,,,,,,,,,,,,,,,,,,,,,,,,,,,,,,,,,,,,,,,,,,,,,,,,,,,,,,,,,,,,,,,,,,,,,,,,,,,,,,,,,,,,,,,,,,,,,,,,,,,,,,,,,,,,,,,,,,,,,,,,,,,,,,,,,,,,,,,,,,,,,,,,,,,,,,,,,,,,,,,,,,,,,,,,,,,,,,,,,,,,,,,,,,,,,,,,,,,,,,,,,,,,,,,,,,,,,,,
Date d'octroi du permis d'exploitation ou concession,Date of issue of title/permit,,,,,Date d'octroi du permis d'exploitation ou concession//Date of issue of title/permit,,,,,,,,,,,,,,,,,,,,,,,,,,,,,,,,,,,,,,,,,,,,,,,,,,,,,,,,,,,,,,,,,,,,,,,,,,,,,,,,,,,,,,,,,,,,,,,,,,,,,,,,,,,,,,,,,,,,,,,,,,,,,,,,,,,,,,,,,,,,,,,,,,,,,,,,,,,,,,,,,,,,,,,,,,,,,,,,,,,,,,,,,,,,,,,,,,,,,,,,,,,,,,,,,,,,,,,,,,,,,,,,,,,,,,,,,,,,,,,,,,,,,,,,,
Année d'octroi du permis d'exploitation ou concession,Year of issue of title/permit,,,,,Année d'octroi du permis d'exploitation ou concession//Year of issue of title/permit,,,,,,,,,,,,,,,,,,,,,,,,,,,,,,,,,,,,,,,,,,,,,,,,,,,,,,,,,,,,,,,,,,,,,,,,,,,,,,,,,,,,,,,,,,,,,,,,,,,,,,,,,,,,,,,,,,,,,,,,,,,,,,,,,,,,,,,,,,,,,,,,,,,,,,,,,,,,,,,,,,,,,,,,,,,,,,,,,,,,,,,,,,,,,,,,,,,,,,,,,,,,,,,,,,,,,,,,,,,,,,,,,,,,,,,,,,,,,,,,,,,,,,,,,
Date de ratification,Date of ratification,05/27/2009,Title page,1,,Date de ratification//Date of ratification,39960--Title page,,,,,,,,,,,,,,,,,,,,,,,,,,,,,,,,,,,,,,,,,,,,,,,,,,,,,,,,,,,,,,,,,,,,,,,,,,,,,,,,,,,,,,,,,,,,,,,,,,,,,,,,,,,,,,,,,,,,,,,,,,,,,,,,,,,,,,,,,,,,,,,,,,,,,,,,,,,,,,,,,,,,,,,,,,,,,,,,,,,,,,,,,,,,,,,,,,,,,,,,,,,,,,,,,,,,,,,,,,,,,,,,,,,,,,,,,,,,,,,,,,,,,,,,
Investissement estimé,Estimated investment,,,,,Investissement estimé//Estimated investment,,,,,,,,,,,,,,,,,,,,,,,,,,,,,,,,,,,,,,,,,,,,,,,,,,,,,,,,,,,,,,,,,,,,,,,,,,,,,,,,,,,,,,,,,,,,,,,,,,,,,,,,,,,,,,,,,,,,,,,,,,,,,,,,,,,,,,,,,,,,,,,,,,,,,,,,,,,,,,,,,,,,,,,,,,,,,,,,,,,,,,,,,,,,,,,,,,,,,,,,,,,,,,,,,,,,,,,,,,,,,,,,,,,,,,,,,,,,,,,,,,,,,,,,,
Production attendue,Expected production,,,,,Production attendue//Expected production,,,,,,,,,,,,,,,,,,,,,,,,,,,,,,,,,,,,,,,,,,,,,,,,,,,,,,,,,,,,,,,,,,,,,,,,,,,,,,,,,,,,,,,,,,,,,,,,,,,,,,,,,,,,,,,,,,,,,,,,,,,,,,,,,,,,,,,,,,,,,,,,,,,,,,,,,,,,,,,,,,,,,,,,,,,,,,,,,,,,,,,,,,,,,,,,,,,,,,,,,,,,,,,,,,,,,,,,,,,,,,,,,,,,,,,,,,,,,,,,,,,,,,,,,
II. Résumé des dispositions du contrat,II. Summary of terms,,,,,II. Résumé des dispositions du contrat//II. Summary of terms,,,,,,,,,,,,,,,,,,,,,,,,,,,,,,,,,,,,,,,,,,,,,,,,,,,,,,,,,,,,,,,,,,,,,,,,,,,,,,,,,,,,,,,,,,,,,,,,,,,,,,,,,,,,,,,,,,,,,,,,,,,,,,,,,,,,,,,,,,,,,,,,,,,,,,,,,,,,,,,,,,,,,,,,,,,,,,,,,,,,,,,,,,,,,,,,,,,,,,,,,,,,,,,,,,,,,,,,,,,,,,,,,,,,,,,,,,,,,,,,,,,,,,,,,
1. Dispositions du base,1. Fundamental provisions,,,,,1. Dispositions du base//1. Fundamental provisions,,,,,,,,,,,,,,,,,,,,,,,,,,,,,,,,,,,,,,,,,,,,,,,,,,,,,,,,,,,,,,,,,,,,,,,,,,,,,,,,,,,,,,,,,,,,,,,,,,,,,,,,,,,,,,,,,,,,,,,,,,,,,,,,,,,,,,,,,,,,,,,,,,,,,,,,,,,,,,,,,,,,,,,,,,,,,,,,,,,,,,,,,,,,,,,,,,,,,,,,,,,,,,,,,,,,,,,,,,,,,,,,,,,,,,,,,,,,,,,,,,,,,,,,,
Nom de la société signataire du contrat et composition des actionnaires mentionnés dans le document,Name of company executing the document and composition of the shareholders,Alpha Logging & Processing Incorporated,,13 (top),,Nom de la société signataire du contrat et composition des actionnaires mentionnés dans le document//Name of company executing the document and composition of the shareholders,Alpha Logging & Processing Incorporated,,,,,,,,,,,,,,,,,,,,,,,,,,,,,,,,,,,,,,,,,,,,,,,,,,,,,,,,,,,,,,,,,,,,,,,,,,,,,,,,,,,,,,,,,,,,,,,,,,,,,,,,,,,,,,,,,,,,,,,,,,,,,,,,,,,,,,,,,,,,,,,,,,,,,,,,,,,,,,,,,,,,,,,,,,,,,,,,,,,,,,,,,,,,,,,,,,,,,,,,,,,,,,,,,,,,,,,,,,,,,,,,,,,,,,,,,,,,,,,,,,,,,,,,
"Signataire(s), société ","Signatories, company",President/CEO,Signature page,97 (top),,"Signataire(s), société //Signatories, company",President/CEO--Signature page,,,,,,,,,,,,,,,,,,,,,,,,,,,,,,,,,,,,,,,,,,,,,,,,,,,,,,,,,,,,,,,,,,,,,,,,,,,,,,,,,,,,,,,,,,,,,,,,,,,,,,,,,,,,,,,,,,,,,,,,,,,,,,,,,,,,,,,,,,,,,,,,,,,,,,,,,,,,,,,,,,,,,,,,,,,,,,,,,,,,,,,,,,,,,,,,,,,,,,,,,,,,,,,,,,,,,,,,,,,,,,,,,,,,,,,,,,,,,,,,,,,,,,,,
"Agence de l'Etat, société nationale, ministère signataire du contrat","State agency, national company, ministry executing the document",Forestry Development Authority,,13 (middle),,"Agence de l'Etat, société nationale, ministère signataire du contrat//State agency, national company, ministry executing the document",Forestry Development Authority,,,,,,,,,,,,,,,,,,,,,,,,,,,,,,,,,,,,,,,,,,,,,,,,,,,,,,,,,,,,,,,,,,,,,,,,,,,,,,,,,,,,,,,,,,,,,,,,,,,,,,,,,,,,,,,,,,,,,,,,,,,,,,,,,,,,,,,,,,,,,,,,,,,,,,,,,,,,,,,,,,,,,,,,,,,,,,,,,,,,,,,,,,,,,,,,,,,,,,,,,,,,,,,,,,,,,,,,,,,,,,,,,,,,,,,,,,,,,,,,,,,,,,,,
"Signataire(s), Etat","Signatories, State",Managine Director,Signature page,97 (top),,"Signataire(s), Etat//Signatories, State",Managine Director--Signature page,,,,,,,,,,,,,,,,,,,,,,,,,,,,,,,,,,,,,,,,,,,,,,,,,,,,,,,,,,,,,,,,,,,,,,,,,,,,,,,,,,,,,,,,,,,,,,,,,,,,,,,,,,,,,,,,,,,,,,,,,,,,,,,,,,,,,,,,,,,,,,,,,,,,,,,,,,,,,,,,,,,,,,,,,,,,,,,,,,,,,,,,,,,,,,,,,,,,,,,,,,,,,,,,,,,,,,,,,,,,,,,,,,,,,,,,,,,,,,,,,,,,,,,,
Nom et/ou composition de la société du projet crée ou envisagée,Name and/or composition of the company created or anticipated,,,,,Nom et/ou composition de la société du projet crée ou envisagée//Name and/or composition of the company created or anticipated,,,,,,,,,,,,,,,,,,,,,,,,,,,,,,,,,,,,,,,,,,,,,,,,,,,,,,,,,,,,,,,,,,,,,,,,,,,,,,,,,,,,,,,,,,,,,,,,,,,,,,,,,,,,,,,,,,,,,,,,,,,,,,,,,,,,,,,,,,,,,,,,,,,,,,,,,,,,,,,,,,,,,,,,,,,,,,,,,,,,,,,,,,,,,,,,,,,,,,,,,,,,,,,,,,,,,,,,,,,,,,,,,,,,,,,,,,,,,,,,,,,,,,,,,
Nom de la partie tiers (si applicable),Name of third party to contract (where applicable),,,,,Nom de la partie tiers (si applicable)//Name of third party to contract (where applicable),,,,,,,,,,,,,,,,,,,,,,,,,,,,,,,,,,,,,,,,,,,,,,,,,,,,,,,,,,,,,,,,,,,,,,,,,,,,,,,,,,,,,,,,,,,,,,,,,,,,,,,,,,,,,,,,,,,,,,,,,,,,,,,,,,,,,,,,,,,,,,,,,,,,,,,,,,,,,,,,,,,,,,,,,,,,,,,,,,,,,,,,,,,,,,,,,,,,,,,,,,,,,,,,,,,,,,,,,,,,,,,,,,,,,,,,,,,,,,,,,,,,,,,,,
Date de signature du contrat,Date of contract signature,6-Oct,,3 (top),,Date de signature du contrat//Date of contract signature,38996,,,,,,,,,,,,,,,,,,,,,,,,,,,,,,,,,,,,,,,,,,,,,,,,,,,,,,,,,,,,,,,,,,,,,,,,,,,,,,,,,,,,,,,,,,,,,,,,,,,,,,,,,,,,,,,,,,,,,,,,,,,,,,,,,,,,,,,,,,,,,,,,,,,,,,,,,,,,,,,,,,,,,,,,,,,,,,,,,,,,,,,,,,,,,,,,,,,,,,,,,,,,,,,,,,,,,,,,,,,,,,,,,,,,,,,,,,,,,,,,,,,,,,,,
Année de signature du contrat,Year of contract signature,2006,,,,Année de signature du contrat//Year of contract signature,2006,,,,,,,,,,,,,,,,,,,,,,,,,,,,,,,,,,,,,,,,,,,,,,,,,,,,,,,,,,,,,,,,,,,,,,,,,,,,,,,,,,,,,,,,,,,,,,,,,,,,,,,,,,,,,,,,,,,,,,,,,,,,,,,,,,,,,,,,,,,,,,,,,,,,,,,,,,,,,,,,,,,,,,,,,,,,,,,,,,,,,,,,,,,,,,,,,,,,,,,,,,,,,,,,,,,,,,,,,,,,,,,,,,,,,,,,,,,,,,,,,,,,,,,,
Durée,Term,"27 years. The contract terminates on October 5, 2033.",,3 (top),,Durée//Term,"27 years. The contract terminates on October 5, 2033.",,,,,,,,,,,,,,,,,,,,,,,,,,,,,,,,,,,,,,,,,,,,,,,,,,,,,,,,,,,,,,,,,,,,,,,,,,,,,,,,,,,,,,,,,,,,,,,,,,,,,,,,,,,,,,,,,,,,,,,,,,,,,,,,,,,,,,,,,,,,,,,,,,,,,,,,,,,,,,,,,,,,,,,,,,,,,,,,,,,,,,,,,,,,,,,,,,,,,,,,,,,,,,,,,,,,,,,,,,,,,,,,,,,,,,,,,,,,,,,,,,,,,,,,
Conditions de renouvellement,Conditions for renewal ,"The contract is not renewable, although it may be extended for force majeure pursuant to section B8.5 of the contract.",B2.2,31 (middle),,Conditions de renouvellement//Conditions for renewal ,"The contract is not renewable, although it may be extended for force majeure pursuant to section B8.5 of the contract.--B2.2",,,,,,,,,,,,,,,,,,,,,,,,,,,,,,,,,,,,,,,,,,,,,,,,,,,,,,,,,,,,,,,,,,,,,,,,,,,,,,,,,,,,,,,,,,,,,,,,,,,,,,,,,,,,,,,,,,,,,,,,,,,,,,,,,,,,,,,,,,,,,,,,,,,,,,,,,,,,,,,,,,,,,,,,,,,,,,,,,,,,,,,,,,,,,,,,,,,,,,,,,,,,,,,,,,,,,,,,,,,,,,,,,,,,,,,,,,,,,,,,,,,,,,,,
"Ressource(s) concernées (type de minéral, pétrole, gas, bois) ou les récoltes/denrées","Type of resources (mineral type, crude oil, gas, timber, etc.) OR specific crops planned (ex:  food crops, oil palm, etc.)",Timber,,13 (middle),,"Ressource(s) concernées (type de minéral, pétrole, gas, bois) ou les récoltes/denrées//Type of resources (mineral type, crude oil, gas, timber, etc.) OR specific crops planned (ex:  food crops, oil palm, etc.)",Timber,,,,,,,,,,,,,,,,,,,,,,,,,,,,,,,,,,,,,,,,,,,,,,,,,,,,,,,,,,,,,,,,,,,,,,,,,,,,,,,,,,,,,,,,,,,,,,,,,,,,,,,,,,,,,,,,,,,,,,,,,,,,,,,,,,,,,,,,,,,,,,,,,,,,,,,,,,,,,,,,,,,,,,,,,,,,,,,,,,,,,,,,,,,,,,,,,,,,,,,,,,,,,,,,,,,,,,,,,,,,,,,,,,,,,,,,,,,,,,,,,,,,,,,,
Superficie de la concession,Size of the concession area,"119,240 hectares",Location map,11 (top),,Superficie de la concession//Size of the concession area,"119,240 hectares--Location map",,,,,,,,,,,,,,,,,,,,,,,,,,,,,,,,,,,,,,,,,,,,,,,,,,,,,,,,,,,,,,,,,,,,,,,,,,,,,,,,,,,,,,,,,,,,,,,,,,,,,,,,,,,,,,,,,,,,,,,,,,,,,,,,,,,,,,,,,,,,,,,,,,,,,,,,,,,,,,,,,,,,,,,,,,,,,,,,,,,,,,,,,,,,,,,,,,,,,,,,,,,,,,,,,,,,,,,,,,,,,,,,,,,,,,,,,,,,,,,,,,,,,,,,
"2. Obligations à l'égard des communautés, la protection sociale et l’économie locale/régionale",2. Community and social obligations,,,,,"2. Obligations à l'égard des communautés, la protection sociale et l’économie locale/régionale//2. Community and social obligations",,,,,,,,,,,,,,,,,,,,,,,,,,,,,,,,,,,,,,,,,,,,,,,,,,,,,,,,,,,,,,,,,,,,,,,,,,,,,,,,,,,,,,,,,,,,,,,,,,,,,,,,,,,,,,,,,,,,,,,,,,,,,,,,,,,,,,,,,,,,,,,,,,,,,,,,,,,,,,,,,,,,,,,,,,,,,,,,,,,,,,,,,,,,,,,,,,,,,,,,,,,,,,,,,,,,,,,,,,,,,,,,,,,,,,,,,,,,,,,,,,,,,,,,,
Convention de développement local,Local development agreement,"Before the first annual operating season, Alpha Logging & Processing shall execute the social agreements required by the Forestry Development Authority regulation 105-07.  The Forestry Development Authority shall promptly review and either attest to or reject the social agreements, in conformity with Forestry Development Authority Regulation 105-07, Section 36.",Art. B3.12,33 (middle),,Convention de développement local//Local development agreement,"Before the first annual operating season, Alpha Logging & Processing shall execute the social agreements required by the Forestry Development Authority regulation 105-07.  The Forestry Development Authority shall promptly review and either attest to or reject the social agreements, in conformity with Forestry Development Authority Regulation 105-07, Section 36.--Art. B3.12",,,,,,,,,,,,,,,,,,,,,,,,,,,,,,,,,,,,,,,,,,,,,,,,,,,,,,,,,,,,,,,,,,,,,,,,,,,,,,,,,,,,,,,,,,,,,,,,,,,,,,,,,,,,,,,,,,,,,,,,,,,,,,,,,,,,,,,,,,,,,,,,,,,,,,,,,,,,,,,,,,,,,,,,,,,,,,,,,,,,,,,,,,,,,,,,,,,,,,,,,,,,,,,,,,,,,,,,,,,,,,,,,,,,,,,,,,,,,,,,,,,,,,,,
"Protection des lieux sacrés, des ressources et du milieu de vie","Protection of sacred locations, resources and environment","Alpha Logging & Processing shall identify in the annual operational plan areas requiring special measures for the protection of plants, animals, and cultural resources. Special protection measures needed to protect these areas shall be described in the annual operational plan. In addition to taking special protection measures, Alpha Logging & Processing shall protect these areas from damage or removal during Alpha Logging & Processing's operations. If additional areas, resources, or species are identified before and during duration of the contract, either party shall promptly give written notice to the other party, and Alpha Logging & Processing shall cease operations in the affected area, under Section ILLEGIBLE, if the contracting officer determines there is risk of damage to such areas, resources or species from continued operations. Alpha Logging & Processing shall not operate wheeled or track-laying equipment in any area identified as requiring special protection measures, except on roads, landings, tractor roads, or skid trails approved Section B6.4. Nor shall Alpha Logging & Processing fell trees in any area identified as requiring special protection measures. Alpha Logging & Processing shall immediately notify Forestry Development Authority of a disturbance in any area identified as requiring special protection measures and shall immediately halt operations in the vicinity of the disturbance until Forestry Development Authority authorizes Alpha Logging & Processing, in writing, to proceed. Alpha Logging & Processing shall bear costs of resource evaluation and restoration to identified sites. Such payment does not relieve Alpha Logging & Processing of any civil or criminal liability otherwise provided by law. ",Art. B6.34,67 (middle),,"Protection des lieux sacrés, des ressources et du milieu de vie//Protection of sacred locations, resources and environment","Alpha Logging & Processing shall identify in the annual operational plan areas requiring special measures for the protection of plants, animals, and cultural resources. Special protection measures needed to protect these areas shall be described in the annual operational plan. In addition to taking special protection measures, Alpha Logging & Processing shall protect these areas from damage or removal during Alpha Logging & Processing's operations. If additional areas, resources, or species are identified before and during duration of the contract, either party shall promptly give written notice to the other party, and Alpha Logging & Processing shall cease operations in the affected area, under Section ILLEGIBLE, if the contracting officer determines there is risk of damage to such areas, resources or species from continued operations. Alpha Logging & Processing shall not operate wheeled or track-laying equipment in any area identified as requiring special protection measures, except on roads, landings, tractor roads, or skid trails approved Section B6.4. Nor shall Alpha Logging & Processing fell trees in any area identified as requiring special protection measures. Alpha Logging & Processing shall immediately notify Forestry Development Authority of a disturbance in any area identified as requiring special protection measures and shall immediately halt operations in the vicinity of the disturbance until Forestry Development Authority authorizes Alpha Logging & Processing, in writing, to proceed. Alpha Logging & Processing shall bear costs of resource evaluation and restoration to identified sites. Such payment does not relieve Alpha Logging & Processing of any civil or criminal liability otherwise provided by law. --Art. B6.34",,,,,,,,,,,,,,,,,,,,,,,,,,,,,,,,,,,,,,,,,,,,,,,,,,,,,,,,,,,,,,,,,,,,,,,,,,,,,,,,,,,,,,,,,,,,,,,,,,,,,,,,,,,,,,,,,,,,,,,,,,,,,,,,,,,,,,,,,,,,,,,,,,,,,,,,,,,,,,,,,,,,,,,,,,,,,,,,,,,,,,,,,,,,,,,,,,,,,,,,,,,,,,,,,,,,,,,,,,,,,,,,,,,,,,,,,,,,,,,,,,,,,,,,
Consultations communautaires requises,Requirements for community consultation ,"Before requesting permission from the Forestry Development Authority to use public lands outside of the contract area, Alpha Logging & Processing shall consult with all potentially affected communities that are party to social agreements with Alpha Logging & Processing. Alpha Logging & Processing shall make a written record of the time, place, and general content of these consultations.",B4.12,39 (middle),,Consultations communautaires requises//Requirements for community consultation ,"Before requesting permission from the Forestry Development Authority to use public lands outside of the contract area, Alpha Logging & Processing shall consult with all potentially affected communities that are party to social agreements with Alpha Logging & Processing. Alpha Logging & Processing shall make a written record of the time, place, and general content of these consultations.--B4.12",,,,,,,,,,,,,,,,,,,,,,,,,,,,,,,,,,,,,,,,,,,,,,,,,,,,,,,,,,,,,,,,,,,,,,,,,,,,,,,,,,,,,,,,,,,,,,,,,,,,,,,,,,,,,,,,,,,,,,,,,,,,,,,,,,,,,,,,,,,,,,,,,,,,,,,,,,,,,,,,,,,,,,,,,,,,,,,,,,,,,,,,,,,,,,,,,,,,,,,,,,,,,,,,,,,,,,,,,,,,,,,,,,,,,,,,,,,,,,,,,,,,,,,,
Obligations liées a la formation des cadres locaux,Management training requirement for nationals,,,,,Obligations liées a la formation des cadres locaux//Management training requirement for nationals,,,,,,,,,,,,,,,,,,,,,,,,,,,,,,,,,,,,,,,,,,,,,,,,,,,,,,,,,,,,,,,,,,,,,,,,,,,,,,,,,,,,,,,,,,,,,,,,,,,,,,,,,,,,,,,,,,,,,,,,,,,,,,,,,,,,,,,,,,,,,,,,,,,,,,,,,,,,,,,,,,,,,,,,,,,,,,,,,,,,,,,,,,,,,,,,,,,,,,,,,,,,,,,,,,,,,,,,,,,,,,,,,,,,,,,,,,,,,,,,,,,,,,,,,
Obligations liées à l'emploi du personnel local,Local employment requirements,"In the selection of employees to conduct its operations under the contract, Alpha Logging & Processing shall give preference to competent and qualified individuals living in and near the contract area, and particularly to individuals from communities benefiting from Alpha Logging & Processing's social agreements. Alpha Logging & Processing shall not import unskilled labor from outside Liberia. Alpha Logging & Processing shall comply with all training and employment obligations required by law or regulation.",Art. B3.23,35 (bottom),,Obligations liées à l'emploi du personnel local//Local employment requirements,"In the selection of employees to conduct its operations under the contract, Alpha Logging & Processing shall give preference to competent and qualified individuals living in and near the contract area, and particularly to individuals from communities benefiting from Alpha Logging & Processing's social agreements. Alpha Logging & Processing shall not import unskilled labor from outside Liberia. Alpha Logging & Processing shall comply with all training and employment obligations required by law or regulation.--Art. B3.23",,,,,,,,,,,,,,,,,,,,,,,,,,,,,,,,,,,,,,,,,,,,,,,,,,,,,,,,,,,,,,,,,,,,,,,,,,,,,,,,,,,,,,,,,,,,,,,,,,,,,,,,,,,,,,,,,,,,,,,,,,,,,,,,,,,,,,,,,,,,,,,,,,,,,,,,,,,,,,,,,,,,,,,,,,,,,,,,,,,,,,,,,,,,,,,,,,,,,,,,,,,,,,,,,,,,,,,,,,,,,,,,,,,,,,,,,,,,,,,,,,,,,,,,
Obligations liées a l'approvisionnement en biens et services locaux,Local procurement requirements,,,,,Obligations liées a l'approvisionnement en biens et services locaux//Local procurement requirements,,,,,,,,,,,,,,,,,,,,,,,,,,,,,,,,,,,,,,,,,,,,,,,,,,,,,,,,,,,,,,,,,,,,,,,,,,,,,,,,,,,,,,,,,,,,,,,,,,,,,,,,,,,,,,,,,,,,,,,,,,,,,,,,,,,,,,,,,,,,,,,,,,,,,,,,,,,,,,,,,,,,,,,,,,,,,,,,,,,,,,,,,,,,,,,,,,,,,,,,,,,,,,,,,,,,,,,,,,,,,,,,,,,,,,,,,,,,,,,,,,,,,,,,,
Assurance,Insurance,,,,,Assurance//Insurance,,,,,,,,,,,,,,,,,,,,,,,,,,,,,,,,,,,,,,,,,,,,,,,,,,,,,,,,,,,,,,,,,,,,,,,,,,,,,,,,,,,,,,,,,,,,,,,,,,,,,,,,,,,,,,,,,,,,,,,,,,,,,,,,,,,,,,,,,,,,,,,,,,,,,,,,,,,,,,,,,,,,,,,,,,,,,,,,,,,,,,,,,,,,,,,,,,,,,,,,,,,,,,,,,,,,,,,,,,,,,,,,,,,,,,,,,,,,,,,,,,,,,,,,,
Réinstallation des habitants,Resettlement,,,,,Réinstallation des habitants//Resettlement,,,,,,,,,,,,,,,,,,,,,,,,,,,,,,,,,,,,,,,,,,,,,,,,,,,,,,,,,,,,,,,,,,,,,,,,,,,,,,,,,,,,,,,,,,,,,,,,,,,,,,,,,,,,,,,,,,,,,,,,,,,,,,,,,,,,,,,,,,,,,,,,,,,,,,,,,,,,,,,,,,,,,,,,,,,,,,,,,,,,,,,,,,,,,,,,,,,,,,,,,,,,,,,,,,,,,,,,,,,,,,,,,,,,,,,,,,,,,,,,,,,,,,,,,
"Programme de sous-traitance  avec les petits planteurs (détails, des terres supplémentaires fournis, etc)","Outgrowers Program (details, additional land provided, etc)",LAND SPECIFIC,,,,"Programme de sous-traitance  avec les petits planteurs (détails, des terres supplémentaires fournis, etc)//Outgrowers Program (details, additional land provided, etc)",LAND SPECIFIC,,,,,,,,,,,,,,,,,,,,,,,,,,,,,,,,,,,,,,,,,,,,,,,,,,,,,,,,,,,,,,,,,,,,,,,,,,,,,,,,,,,,,,,,,,,,,,,,,,,,,,,,,,,,,,,,,,,,,,,,,,,,,,,,,,,,,,,,,,,,,,,,,,,,,,,,,,,,,,,,,,,,,,,,,,,,,,,,,,,,,,,,,,,,,,,,,,,,,,,,,,,,,,,,,,,,,,,,,,,,,,,,,,,,,,,,,,,,,,,,,,,,,,,,
"Obligations concernant les travailleurs ou les habitants dans ou près des concessions en ce qui concerne la santé et la sécurité au travail, l'accès à l'eau potable, le logement, les soins médicaux ou l'éducation","Requirements regarding workers or farm/concession dwellers within concession areas or in nearby communities in respect of occupational health and safety, access to clean water, housing, medical care, or education","Alpha Logging & Processing shall employ internationally recognized, modern measures for the protection of general health and safety of its employees and all other persons with legal access to the contract area. Alpha Logging & Processing shall comply with public health instructions given in writing by the Government.",Art. B3.22,35 (bottom),,"Obligations concernant les travailleurs ou les habitants dans ou près des concessions en ce qui concerne la santé et la sécurité au travail, l'accès à l'eau potable, le logement, les soins médicaux ou l'éducation//Requirements regarding workers or farm/concession dwellers within concession areas or in nearby communities in respect of occupational health and safety, access to clean water, housing, medical care, or education","Alpha Logging & Processing shall employ internationally recognized, modern measures for the protection of general health and safety of its employees and all other persons with legal access to the contract area. Alpha Logging & Processing shall comply with public health instructions given in writing by the Government.--Art. B3.22",,,,,,,,,,,,,,,,,,,,,,,,,,,,,,,,,,,,,,,,,,,,,,,,,,,,,,,,,,,,,,,,,,,,,,,,,,,,,,,,,,,,,,,,,,,,,,,,,,,,,,,,,,,,,,,,,,,,,,,,,,,,,,,,,,,,,,,,,,,,,,,,,,,,,,,,,,,,,,,,,,,,,,,,,,,,,,,,,,,,,,,,,,,,,,,,,,,,,,,,,,,,,,,,,,,,,,,,,,,,,,,,,,,,,,,,,,,,,,,,,,,,,,,,
"La sécurité physique, la protection de la propriété, et / ou l'utilisation des gardes","Physical security, protection of property, and/or use of guards","In no case shall Alpha Logging & Processing use private security guards armed with firearms, machetes or other life-threatening weapons. Alpha Logging & Processing shall not use or threaten force on persons or property except In self defense or defense of another. Alpha Logging & Processing shall report to Forestry Development Authority all incidents where Alpha Logging & Processing or its agents used or threatened force or had force used or threatened against them. Alpha shall make the reports within 24 hours of the incident. The Government and Alpha Logging & Processing shall make reasonable, good-faith efforts to cooperate with each other in protecting life and property and keeping the peace. Alpha Logging & Processing shall use all reasonable means to prevent encroachment by unauthorized persons into the contract area. Alpha Logging & Processing shall take reasonable measures to prevent damage to the rights and property of the Government and third parties. Alpha Logging & Processing shall cooperate with the owners of any underground or overhead utility lines in their removal and/or rearrangement in order that these operations may progress in a reasonable manner, utility duplication or rearrangement work may be reduced to a minimum, and services shall not be unnecessarily interrupted. In the event of interruption to utility services because of accidental breakage or as a result of lines being exposed or unsupported, Alpha Logging & Processing shall promptly notify the owner and shall cooperate with that owner in the restoration of service until the service is restored. Alpha Logging & Processing shall not conduct blasting or other dangerous operations within 750 meters of any public works, permanent building, village or inhabited structure without written consent of Forestry Development Authority and subject to such conditions as Forestry Development Authority may impose.",Art. B6.31,65 (middle),,"La sécurité physique, la protection de la propriété, et / ou l'utilisation des gardes//Physical security, protection of property, and/or use of guards","In no case shall Alpha Logging & Processing use private security guards armed with firearms, machetes or other life-threatening weapons. Alpha Logging & Processing shall not use or threaten force on persons or property except In self defense or defense of another. Alpha Logging & Processing shall report to Forestry Development Authority all incidents where Alpha Logging & Processing or its agents used or threatened force or had force used or threatened against them. Alpha shall make the reports within 24 hours of the incident. The Government and Alpha Logging & Processing shall make reasonable, good-faith efforts to cooperate with each other in protecting life and property and keeping the peace. Alpha Logging & Processing shall use all reasonable means to prevent encroachment by unauthorized persons into the contract area. Alpha Logging & Processing shall take reasonable measures to prevent damage to the rights and property of the Government and third parties. Alpha Logging & Processing shall cooperate with the owners of any underground or overhead utility lines in their removal and/or rearrangement in order that these operations may progress in a reasonable manner, utility duplication or rearrangement work may be reduced to a minimum, and services shall not be unnecessarily interrupted. In the event of interruption to utility services because of accidental breakage or as a result of lines being exposed or unsupported, Alpha Logging & Processing shall promptly notify the owner and shall cooperate with that owner in the restoration of service until the service is restored. Alpha Logging & Processing shall not conduct blasting or other dangerous operations within 750 meters of any public works, permanent building, village or inhabited structure without written consent of Forestry Development Authority and subject to such conditions as Forestry Development Authority may impose.--Art. B6.31",,,,,,,,,,,,,,,,,,,,,,,,,,,,,,,,,,,,,,,,,,,,,,,,,,,,,,,,,,,,,,,,,,,,,,,,,,,,,,,,,,,,,,,,,,,,,,,,,,,,,,,,,,,,,,,,,,,,,,,,,,,,,,,,,,,,,,,,,,,,,,,,,,,,,,,,,,,,,,,,,,,,,,,,,,,,,,,,,,,,,,,,,,,,,,,,,,,,,,,,,,,,,,,,,,,,,,,,,,,,,,,,,,,,,,,,,,,,,,,,,,,,,,,,
Mécanismes de réclamation pour les parties non contractantes,Grievance mechanisms for non-contractual harms to non-contracting parties,,,,,Mécanismes de réclamation pour les parties non contractantes//Grievance mechanisms for non-contractual harms to non-contracting parties,,,,,,,,,,,,,,,,,,,,,,,,,,,,,,,,,,,,,,,,,,,,,,,,,,,,,,,,,,,,,,,,,,,,,,,,,,,,,,,,,,,,,,,,,,,,,,,,,,,,,,,,,,,,,,,,,,,,,,,,,,,,,,,,,,,,,,,,,,,,,,,,,,,,,,,,,,,,,,,,,,,,,,,,,,,,,,,,,,,,,,,,,,,,,,,,,,,,,,,,,,,,,,,,,,,,,,,,,,,,,,,,,,,,,,,,,,,,,,,,,,,,,,,,,
Droits d'accès/utilisation à la zone de concession pour les parties non contractantes qui utilisaient la terre au préalable (y compris l'agriculture indépendante autorisée dans la zone de concession),Rights of non-contracting parties to access/use concession area (including permitted independent farming in concession area) ,"Alpha shall: a) allow the Government and public to use, free of charge, any roads constructed and/or maintained by Alpha, provided, however, that such use shall not unduly prejudice nor interfere with Alpha Logging & Processing's operations; b) allow the Government and public to have access over the contract area, provided that such access does not amount to encroachment, as provided for in Section B6.31, and does not unduly prejudice nor interfere with Alpha Logging & Processing's operations; c) Allow the Government and public to use communication lines developed by Alpha Logging & Processing within the contract area, subject to fair compensation, provided that such use shall not unduly prejudice nor interfere with Alpha Logging & Processing's operations; and d) allow the Government to construct roads, highways, railways, telegraph and telephone lines, and other transportation or communication facilities within the contract area, if they do not unreasonably interfere with Alpha Logging & Processing's activities and the Government provides fair compensation for damage caused, including property damage, lost profits, and other economic losses.",Art. B4.23,43 (bottom),,Droits d'accès/utilisation à la zone de concession pour les parties non contractantes qui utilisaient la terre au préalable (y compris l'agriculture indépendante autorisée dans la zone de concession)//Rights of non-contracting parties to access/use concession area (including permitted independent farming in concession area) ,"Alpha shall: a) allow the Government and public to use, free of charge, any roads constructed and/or maintained by Alpha, provided, however, that such use shall not unduly prejudice nor interfere with Alpha Logging & Processing's operations; b) allow the Government and public to have access over the contract area, provided that such access does not amount to encroachment, as provided for in Section B6.31, and does not unduly prejudice nor interfere with Alpha Logging & Processing's operations; c) Allow the Government and public to use communication lines developed by Alpha Logging & Processing within the contract area, subject to fair compensation, provided that such use shall not unduly prejudice nor interfere with Alpha Logging & Processing's operations; and d) allow the Government to construct roads, highways, railways, telegraph and telephone lines, and other transportation or communication facilities within the contract area, if they do not unreasonably interfere with Alpha Logging & Processing's activities and the Government provides fair compensation for damage caused, including property damage, lost profits, and other economic losses.--Art. B4.23",,,,,,,,,,,,,,,,,,,,,,,,,,,,,,,,,,,,,,,,,,,,,,,,,,,,,,,,,,,,,,,,,,,,,,,,,,,,,,,,,,,,,,,,,,,,,,,,,,,,,,,,,,,,,,,,,,,,,,,,,,,,,,,,,,,,,,,,,,,,,,,,,,,,,,,,,,,,,,,,,,,,,,,,,,,,,,,,,,,,,,,,,,,,,,,,,,,,,,,,,,,,,,,,,,,,,,,,,,,,,,,,,,,,,,,,,,,,,,,,,,,,,,,,
Autre - [le nom de catégorie],Other - [Name of Category],,,,,Autre - [le nom de catégorie]//Other - [Name of Category],,,,,,,,,,,,,,,,,,,,,,,,,,,,,,,,,,,,,,,,,,,,,,,,,,,,,,,,,,,,,,,,,,,,,,,,,,,,,,,,,,,,,,,,,,,,,,,,,,,,,,,,,,,,,,,,,,,,,,,,,,,,,,,,,,,,,,,,,,,,,,,,,,,,,,,,,,,,,,,,,,,,,,,,,,,,,,,,,,,,,,,,,,,,,,,,,,,,,,,,,,,,,,,,,,,,,,,,,,,,,,,,,,,,,,,,,,,,,,,,,,,,,,,,,
3. Obligations financières du détenteur du titre,3. Developer's financial obligations,,,,,3. Obligations financières du détenteur du titre//3. Developer's financial obligations,,,,,,,,,,,,,,,,,,,,,,,,,,,,,,,,,,,,,,,,,,,,,,,,,,,,,,,,,,,,,,,,,,,,,,,,,,,,,,,,,,,,,,,,,,,,,,,,,,,,,,,,,,,,,,,,,,,,,,,,,,,,,,,,,,,,,,,,,,,,,,,,,,,,,,,,,,,,,,,,,,,,,,,,,,,,,,,,,,,,,,,,,,,,,,,,,,,,,,,,,,,,,,,,,,,,,,,,,,,,,,,,,,,,,,,,,,,,,,,,,,,,,,,,,
Taxe minière / redevance,Mining tax / royalty tax,"Stumpage fees: Alpha Logging & Processing shall pay log stumpage fees to the Government in the amounts and at the times established by Part II of Forestry Development Authority Regulation 107-07. The parties will use the methods set out in Sections 26 and 27 of Forestry Development Authority Regulation 108-07, establishing a chain of custody system, to determine volumes and grades. Alpha Logging & Processing shall prevent logs from being processed or exported before Alpha Logging & Processinghas paid the log stumpage fees.",Art. B7.12,73 (bottom) - 75 (top),,Taxe minière / redevance//Mining tax / royalty tax,"Stumpage fees: Alpha Logging & Processing shall pay log stumpage fees to the Government in the amounts and at the times established by Part II of Forestry Development Authority Regulation 107-07. The parties will use the methods set out in Sections 26 and 27 of Forestry Development Authority Regulation 108-07, establishing a chain of custody system, to determine volumes and grades. Alpha Logging & Processing shall prevent logs from being processed or exported before Alpha Logging & Processinghas paid the log stumpage fees.--Art. B7.12",,,,,,,,,,,,,,,,,,,,,,,,,,,,,,,,,,,,,,,,,,,,,,,,,,,,,,,,,,,,,,,,,,,,,,,,,,,,,,,,,,,,,,,,,,,,,,,,,,,,,,,,,,,,,,,,,,,,,,,,,,,,,,,,,,,,,,,,,,,,,,,,,,,,,,,,,,,,,,,,,,,,,,,,,,,,,,,,,,,,,,,,,,,,,,,,,,,,,,,,,,,,,,,,,,,,,,,,,,,,,,,,,,,,,,,,,,,,,,,,,,,,,,,,
Impôt sur les bénéfices: taux,Income tax: rate,,,,,Impôt sur les bénéfices: taux//Income tax: rate,,,,,,,,,,,,,,,,,,,,,,,,,,,,,,,,,,,,,,,,,,,,,,,,,,,,,,,,,,,,,,,,,,,,,,,,,,,,,,,,,,,,,,,,,,,,,,,,,,,,,,,,,,,,,,,,,,,,,,,,,,,,,,,,,,,,,,,,,,,,,,,,,,,,,,,,,,,,,,,,,,,,,,,,,,,,,,,,,,,,,,,,,,,,,,,,,,,,,,,,,,,,,,,,,,,,,,,,,,,,,,,,,,,,,,,,,,,,,,,,,,,,,,,,,
Impôt sur les bénéfices: exonération,Income tax: exemptions,,,,,Impôt sur les bénéfices: exonération//Income tax: exemptions,,,,,,,,,,,,,,,,,,,,,,,,,,,,,,,,,,,,,,,,,,,,,,,,,,,,,,,,,,,,,,,,,,,,,,,,,,,,,,,,,,,,,,,,,,,,,,,,,,,,,,,,,,,,,,,,,,,,,,,,,,,,,,,,,,,,,,,,,,,,,,,,,,,,,,,,,,,,,,,,,,,,,,,,,,,,,,,,,,,,,,,,,,,,,,,,,,,,,,,,,,,,,,,,,,,,,,,,,,,,,,,,,,,,,,,,,,,,,,,,,,,,,,,,,
"Autre aspects de l'impôt sur les bénéfices: (l’amortissement, déductibilité des frais financiers, report des pertes, cloisonnement)","Other income tax features (amortization, deductibility of expenses, loss carry forward, ring-fencing)",,,,,"Autre aspects de l'impôt sur les bénéfices: (l’amortissement, déductibilité des frais financiers, report des pertes, cloisonnement)//Other income tax features (amortization, deductibility of expenses, loss carry forward, ring-fencing)",,,,,,,,,,,,,,,,,,,,,,,,,,,,,,,,,,,,,,,,,,,,,,,,,,,,,,,,,,,,,,,,,,,,,,,,,,,,,,,,,,,,,,,,,,,,,,,,,,,,,,,,,,,,,,,,,,,,,,,,,,,,,,,,,,,,,,,,,,,,,,,,,,,,,,,,,,,,,,,,,,,,,,,,,,,,,,,,,,,,,,,,,,,,,,,,,,,,,,,,,,,,,,,,,,,,,,,,,,,,,,,,,,,,,,,,,,,,,,,,,,,,,,,,,
"Partage de production - Eléments de ""Cost Oil"" (base de calcul, limites sur le recouvrement des coûts, e.g. comme % des revenues ou de la production, crédit d'investissement, etc.)","Production Share - ""Cost Oil"" features  (basis of calculation, limits on cost recovery - e.g. as % of revenue or production, capex uplift, etc.)",OIL SPECIFIC,,,,"Partage de production - Eléments de ""Cost Oil"" (base de calcul, limites sur le recouvrement des coûts, e.g. comme % des revenues ou de la production, crédit d'investissement, etc.)//Production Share - ""Cost Oil"" features  (basis of calculation, limits on cost recovery - e.g. as % of revenue or production, capex uplift, etc.)",OIL SPECIFIC,,,,,,,,,,,,,,,,,,,,,,,,,,,,,,,,,,,,,,,,,,,,,,,,,,,,,,,,,,,,,,,,,,,,,,,,,,,,,,,,,,,,,,,,,,,,,,,,,,,,,,,,,,,,,,,,,,,,,,,,,,,,,,,,,,,,,,,,,,,,,,,,,,,,,,,,,,,,,,,,,,,,,,,,,,,,,,,,,,,,,,,,,,,,,,,,,,,,,,,,,,,,,,,,,,,,,,,,,,,,,,,,,,,,,,,,,,,,,,,,,,,,,,,,
"Partage de production - Eléments de ""Profit Oil"" (critères pour la modification du partage, - TRI, facteur ""r"", niveau de production, etc.)","Production Share - ""Profit Oil"" features  (triggers for variations in split - IRR, ""r"" factor, production, etc.)",OIL SPECIFIC,,,,"Partage de production - Eléments de ""Profit Oil"" (critères pour la modification du partage, - TRI, facteur ""r"", niveau de production, etc.)//Production Share - ""Profit Oil"" features  (triggers for variations in split - IRR, ""r"" factor, production, etc.)",OIL SPECIFIC,,,,,,,,,,,,,,,,,,,,,,,,,,,,,,,,,,,,,,,,,,,,,,,,,,,,,,,,,,,,,,,,,,,,,,,,,,,,,,,,,,,,,,,,,,,,,,,,,,,,,,,,,,,,,,,,,,,,,,,,,,,,,,,,,,,,,,,,,,,,,,,,,,,,,,,,,,,,,,,,,,,,,,,,,,,,,,,,,,,,,,,,,,,,,,,,,,,,,,,,,,,,,,,,,,,,,,,,,,,,,,,,,,,,,,,,,,,,,,,,,,,,,,,,
Contrat de Service - Frais du détenteur du titre défrayés  (base de calcul),Service Agreement - Fee to developer / contractor (basis for calculation),OIL SPECIFIC,,,,Contrat de Service - Frais du détenteur du titre défrayés  (base de calcul)//Service Agreement - Fee to developer / contractor (basis for calculation),OIL SPECIFIC,,,,,,,,,,,,,,,,,,,,,,,,,,,,,,,,,,,,,,,,,,,,,,,,,,,,,,,,,,,,,,,,,,,,,,,,,,,,,,,,,,,,,,,,,,,,,,,,,,,,,,,,,,,,,,,,,,,,,,,,,,,,,,,,,,,,,,,,,,,,,,,,,,,,,,,,,,,,,,,,,,,,,,,,,,,,,,,,,,,,,,,,,,,,,,,,,,,,,,,,,,,,,,,,,,,,,,,,,,,,,,,,,,,,,,,,,,,,,,,,,,,,,,,,
Impôt sur les Revenus des Valeurs Mobilières (IRVM),Capital gains tax,,,,,Impôt sur les Revenus des Valeurs Mobilières (IRVM)//Capital gains tax,,,,,,,,,,,,,,,,,,,,,,,,,,,,,,,,,,,,,,,,,,,,,,,,,,,,,,,,,,,,,,,,,,,,,,,,,,,,,,,,,,,,,,,,,,,,,,,,,,,,,,,,,,,,,,,,,,,,,,,,,,,,,,,,,,,,,,,,,,,,,,,,,,,,,,,,,,,,,,,,,,,,,,,,,,,,,,,,,,,,,,,,,,,,,,,,,,,,,,,,,,,,,,,,,,,,,,,,,,,,,,,,,,,,,,,,,,,,,,,,,,,,,,,,,
Retenue à la source sur les intérêts et/ou dividendes,Withholding tax on payment of interest and/or dividends,,,,,Retenue à la source sur les intérêts et/ou dividendes//Withholding tax on payment of interest and/or dividends,,,,,,,,,,,,,,,,,,,,,,,,,,,,,,,,,,,,,,,,,,,,,,,,,,,,,,,,,,,,,,,,,,,,,,,,,,,,,,,,,,,,,,,,,,,,,,,,,,,,,,,,,,,,,,,,,,,,,,,,,,,,,,,,,,,,,,,,,,,,,,,,,,,,,,,,,,,,,,,,,,,,,,,,,,,,,,,,,,,,,,,,,,,,,,,,,,,,,,,,,,,,,,,,,,,,,,,,,,,,,,,,,,,,,,,,,,,,,,,,,,,,,,,,,
Retenue à la source sur les salaires des nationaux,Witholding tax on national salaries,,,,,Retenue à la source sur les salaires des nationaux//Witholding tax on national salaries,,,,,,,,,,,,,,,,,,,,,,,,,,,,,,,,,,,,,,,,,,,,,,,,,,,,,,,,,,,,,,,,,,,,,,,,,,,,,,,,,,,,,,,,,,,,,,,,,,,,,,,,,,,,,,,,,,,,,,,,,,,,,,,,,,,,,,,,,,,,,,,,,,,,,,,,,,,,,,,,,,,,,,,,,,,,,,,,,,,,,,,,,,,,,,,,,,,,,,,,,,,,,,,,,,,,,,,,,,,,,,,,,,,,,,,,,,,,,,,,,,,,,,,,,
Retenue à la source sur les salaires des expatriés,Witholding tax on expatriate salaries,,,,,Retenue à la source sur les salaires des expatriés//Witholding tax on expatriate salaries,,,,,,,,,,,,,,,,,,,,,,,,,,,,,,,,,,,,,,,,,,,,,,,,,,,,,,,,,,,,,,,,,,,,,,,,,,,,,,,,,,,,,,,,,,,,,,,,,,,,,,,,,,,,,,,,,,,,,,,,,,,,,,,,,,,,,,,,,,,,,,,,,,,,,,,,,,,,,,,,,,,,,,,,,,,,,,,,,,,,,,,,,,,,,,,,,,,,,,,,,,,,,,,,,,,,,,,,,,,,,,,,,,,,,,,,,,,,,,,,,,,,,,,,,
Retenue à la source sur les prestations de service par des entreprises non résidentes,Witholding tax on services of non-resident companies,,,,,Retenue à la source sur les prestations de service par des entreprises non résidentes//Witholding tax on services of non-resident companies,,,,,,,,,,,,,,,,,,,,,,,,,,,,,,,,,,,,,,,,,,,,,,,,,,,,,,,,,,,,,,,,,,,,,,,,,,,,,,,,,,,,,,,,,,,,,,,,,,,,,,,,,,,,,,,,,,,,,,,,,,,,,,,,,,,,,,,,,,,,,,,,,,,,,,,,,,,,,,,,,,,,,,,,,,,,,,,,,,,,,,,,,,,,,,,,,,,,,,,,,,,,,,,,,,,,,,,,,,,,,,,,,,,,,,,,,,,,,,,,,,,,,,,,,
Retenue à la source sur les loyers des immeubles,Witholding tax on rent,,,,,Retenue à la source sur les loyers des immeubles//Witholding tax on rent,,,,,,,,,,,,,,,,,,,,,,,,,,,,,,,,,,,,,,,,,,,,,,,,,,,,,,,,,,,,,,,,,,,,,,,,,,,,,,,,,,,,,,,,,,,,,,,,,,,,,,,,,,,,,,,,,,,,,,,,,,,,,,,,,,,,,,,,,,,,,,,,,,,,,,,,,,,,,,,,,,,,,,,,,,,,,,,,,,,,,,,,,,,,,,,,,,,,,,,,,,,,,,,,,,,,,,,,,,,,,,,,,,,,,,,,,,,,,,,,,,,,,,,,,
Déductibilité des frais financiers,Deductibility of expenses,,,,,Déductibilité des frais financiers//Deductibility of expenses,,,,,,,,,,,,,,,,,,,,,,,,,,,,,,,,,,,,,,,,,,,,,,,,,,,,,,,,,,,,,,,,,,,,,,,,,,,,,,,,,,,,,,,,,,,,,,,,,,,,,,,,,,,,,,,,,,,,,,,,,,,,,,,,,,,,,,,,,,,,,,,,,,,,,,,,,,,,,,,,,,,,,,,,,,,,,,,,,,,,,,,,,,,,,,,,,,,,,,,,,,,,,,,,,,,,,,,,,,,,,,,,,,,,,,,,,,,,,,,,,,,,,,,,,
Méthode d’évaluation de prix ,Method for evaluating price,,,,,Méthode d’évaluation de prix //Method for evaluating price,,,,,,,,,,,,,,,,,,,,,,,,,,,,,,,,,,,,,,,,,,,,,,,,,,,,,,,,,,,,,,,,,,,,,,,,,,,,,,,,,,,,,,,,,,,,,,,,,,,,,,,,,,,,,,,,,,,,,,,,,,,,,,,,,,,,,,,,,,,,,,,,,,,,,,,,,,,,,,,,,,,,,,,,,,,,,,,,,,,,,,,,,,,,,,,,,,,,,,,,,,,,,,,,,,,,,,,,,,,,,,,,,,,,,,,,,,,,,,,,,,,,,,,,,
Provision pour la reconstitution des gisements,Provisions for renewing reserves,,,,,Provision pour la reconstitution des gisements//Provisions for renewing reserves,,,,,,,,,,,,,,,,,,,,,,,,,,,,,,,,,,,,,,,,,,,,,,,,,,,,,,,,,,,,,,,,,,,,,,,,,,,,,,,,,,,,,,,,,,,,,,,,,,,,,,,,,,,,,,,,,,,,,,,,,,,,,,,,,,,,,,,,,,,,,,,,,,,,,,,,,,,,,,,,,,,,,,,,,,,,,,,,,,,,,,,,,,,,,,,,,,,,,,,,,,,,,,,,,,,,,,,,,,,,,,,,,,,,,,,,,,,,,,,,,,,,,,,,,
Crédit d'investissement,Investment credit,,,,,Crédit d'investissement//Investment credit,,,,,,,,,,,,,,,,,,,,,,,,,,,,,,,,,,,,,,,,,,,,,,,,,,,,,,,,,,,,,,,,,,,,,,,,,,,,,,,,,,,,,,,,,,,,,,,,,,,,,,,,,,,,,,,,,,,,,,,,,,,,,,,,,,,,,,,,,,,,,,,,,,,,,,,,,,,,,,,,,,,,,,,,,,,,,,,,,,,,,,,,,,,,,,,,,,,,,,,,,,,,,,,,,,,,,,,,,,,,,,,,,,,,,,,,,,,,,,,,,,,,,,,,,
Droits de douane en phase de recherche,Custom duties during exploration phase,,,,,Droits de douane en phase de recherche//Custom duties during exploration phase,,,,,,,,,,,,,,,,,,,,,,,,,,,,,,,,,,,,,,,,,,,,,,,,,,,,,,,,,,,,,,,,,,,,,,,,,,,,,,,,,,,,,,,,,,,,,,,,,,,,,,,,,,,,,,,,,,,,,,,,,,,,,,,,,,,,,,,,,,,,,,,,,,,,,,,,,,,,,,,,,,,,,,,,,,,,,,,,,,,,,,,,,,,,,,,,,,,,,,,,,,,,,,,,,,,,,,,,,,,,,,,,,,,,,,,,,,,,,,,,,,,,,,,,,
Droits de douane en phase de construction,Custom duties during construction phase,,,,,Droits de douane en phase de construction//Custom duties during construction phase,,,,,,,,,,,,,,,,,,,,,,,,,,,,,,,,,,,,,,,,,,,,,,,,,,,,,,,,,,,,,,,,,,,,,,,,,,,,,,,,,,,,,,,,,,,,,,,,,,,,,,,,,,,,,,,,,,,,,,,,,,,,,,,,,,,,,,,,,,,,,,,,,,,,,,,,,,,,,,,,,,,,,,,,,,,,,,,,,,,,,,,,,,,,,,,,,,,,,,,,,,,,,,,,,,,,,,,,,,,,,,,,,,,,,,,,,,,,,,,,,,,,,,,,,
Droits de douane en phase d'exploitation,Custum duties during operation phase,,,,,Droits de douane en phase d'exploitation//Custum duties during operation phase,,,,,,,,,,,,,,,,,,,,,,,,,,,,,,,,,,,,,,,,,,,,,,,,,,,,,,,,,,,,,,,,,,,,,,,,,,,,,,,,,,,,,,,,,,,,,,,,,,,,,,,,,,,,,,,,,,,,,,,,,,,,,,,,,,,,,,,,,,,,,,,,,,,,,,,,,,,,,,,,,,,,,,,,,,,,,,,,,,,,,,,,,,,,,,,,,,,,,,,,,,,,,,,,,,,,,,,,,,,,,,,,,,,,,,,,,,,,,,,,,,,,,,,,,
Droits de douane pour le matériel de traitement,Custom duties on processing equipment,,,,,Droits de douane pour le matériel de traitement//Custom duties on processing equipment,,,,,,,,,,,,,,,,,,,,,,,,,,,,,,,,,,,,,,,,,,,,,,,,,,,,,,,,,,,,,,,,,,,,,,,,,,,,,,,,,,,,,,,,,,,,,,,,,,,,,,,,,,,,,,,,,,,,,,,,,,,,,,,,,,,,,,,,,,,,,,,,,,,,,,,,,,,,,,,,,,,,,,,,,,,,,,,,,,,,,,,,,,,,,,,,,,,,,,,,,,,,,,,,,,,,,,,,,,,,,,,,,,,,,,,,,,,,,,,,,,,,,,,,,
Droits de douane pour le matériel de transformation,Custom duties on transformation equipment,,,,,Droits de douane pour le matériel de transformation//Custom duties on transformation equipment,,,,,,,,,,,,,,,,,,,,,,,,,,,,,,,,,,,,,,,,,,,,,,,,,,,,,,,,,,,,,,,,,,,,,,,,,,,,,,,,,,,,,,,,,,,,,,,,,,,,,,,,,,,,,,,,,,,,,,,,,,,,,,,,,,,,,,,,,,,,,,,,,,,,,,,,,,,,,,,,,,,,,,,,,,,,,,,,,,,,,,,,,,,,,,,,,,,,,,,,,,,,,,,,,,,,,,,,,,,,,,,,,,,,,,,,,,,,,,,,,,,,,,,,,
Droits de douane pour le matériel de transport,Custom duties on transportation equipment,,,,,Droits de douane pour le matériel de transport//Custom duties on transportation equipment,,,,,,,,,,,,,,,,,,,,,,,,,,,,,,,,,,,,,,,,,,,,,,,,,,,,,,,,,,,,,,,,,,,,,,,,,,,,,,,,,,,,,,,,,,,,,,,,,,,,,,,,,,,,,,,,,,,,,,,,,,,,,,,,,,,,,,,,,,,,,,,,,,,,,,,,,,,,,,,,,,,,,,,,,,,,,,,,,,,,,,,,,,,,,,,,,,,,,,,,,,,,,,,,,,,,,,,,,,,,,,,,,,,,,,,,,,,,,,,,,,,,,,,,,
TVA,VAT,,,,,TVA//VAT,,,,,,,,,,,,,,,,,,,,,,,,,,,,,,,,,,,,,,,,,,,,,,,,,,,,,,,,,,,,,,,,,,,,,,,,,,,,,,,,,,,,,,,,,,,,,,,,,,,,,,,,,,,,,,,,,,,,,,,,,,,,,,,,,,,,,,,,,,,,,,,,,,,,,,,,,,,,,,,,,,,,,,,,,,,,,,,,,,,,,,,,,,,,,,,,,,,,,,,,,,,,,,,,,,,,,,,,,,,,,,,,,,,,,,,,,,,,,,,,,,,,,,,,,
Droits fixes d'octroi et de renouvellement des permis,Fixed fee for grant and renewal of license  ,,,,,Droits fixes d'octroi et de renouvellement des permis//Fixed fee for grant and renewal of license  ,,,,,,,,,,,,,,,,,,,,,,,,,,,,,,,,,,,,,,,,,,,,,,,,,,,,,,,,,,,,,,,,,,,,,,,,,,,,,,,,,,,,,,,,,,,,,,,,,,,,,,,,,,,,,,,,,,,,,,,,,,,,,,,,,,,,,,,,,,,,,,,,,,,,,,,,,,,,,,,,,,,,,,,,,,,,,,,,,,,,,,,,,,,,,,,,,,,,,,,,,,,,,,,,,,,,,,,,,,,,,,,,,,,,,,,,,,,,,,,,,,,,,,,,,
Part patronale des cotisations de sécurité sociale,Social security contributions by employer,,,,,Part patronale des cotisations de sécurité sociale//Social security contributions by employer,,,,,,,,,,,,,,,,,,,,,,,,,,,,,,,,,,,,,,,,,,,,,,,,,,,,,,,,,,,,,,,,,,,,,,,,,,,,,,,,,,,,,,,,,,,,,,,,,,,,,,,,,,,,,,,,,,,,,,,,,,,,,,,,,,,,,,,,,,,,,,,,,,,,,,,,,,,,,,,,,,,,,,,,,,,,,,,,,,,,,,,,,,,,,,,,,,,,,,,,,,,,,,,,,,,,,,,,,,,,,,,,,,,,,,,,,,,,,,,,,,,,,,,,,
Redevances superficiaires,Surface fees,"Land rental fees: a) Alpha shall pay the Government an annual contract administration fee as required under Section 32 of Forestry Development Authority Regulation 107-07, on Certain Forest Fees. B) Alpha shall pay an annual area fee to the Government as required under Section 33 of Forestry Development Authority Regulation 107-07, on Certain Forest Fees. For purposes of calculating the area fee, the land subject to this Contract is the adjusted area determined under Section B7.11 (a). c) Atlantic shall pay an annual coupe inspection fee to the Government as required under Section 34 of Forestry Development Authority Regulation 107-07, on Certain Forest Fees. For purposes of applying that asection, the ANNUAL OPERATIONAL PLAN contains the annual coupe plan.",Art. B7.13,75 (top),,Redevances superficiaires//Surface fees,"Land rental fees: a) Alpha shall pay the Government an annual contract administration fee as required under Section 32 of Forestry Development Authority Regulation 107-07, on Certain Forest Fees. B) Alpha shall pay an annual area fee to the Government as required under Section 33 of Forestry Development Authority Regulation 107-07, on Certain Forest Fees. For purposes of calculating the area fee, the land subject to this Contract is the adjusted area determined under Section B7.11 (a). c) Atlantic shall pay an annual coupe inspection fee to the Government as required under Section 34 of Forestry Development Authority Regulation 107-07, on Certain Forest Fees. For purposes of applying that asection, the ANNUAL OPERATIONAL PLAN contains the annual coupe plan.--Art. B7.13",,,,,,,,,,,,,,,,,,,,,,,,,,,,,,,,,,,,,,,,,,,,,,,,,,,,,,,,,,,,,,,,,,,,,,,,,,,,,,,,,,,,,,,,,,,,,,,,,,,,,,,,,,,,,,,,,,,,,,,,,,,,,,,,,,,,,,,,,,,,,,,,,,,,,,,,,,,,,,,,,,,,,,,,,,,,,,,,,,,,,,,,,,,,,,,,,,,,,,,,,,,,,,,,,,,,,,,,,,,,,,,,,,,,,,,,,,,,,,,,,,,,,,,,
Obligations communautaires ou sous-nationales,Community and regional obligations,,,,,Obligations communautaires ou sous-nationales//Community and regional obligations,,,,,,,,,,,,,,,,,,,,,,,,,,,,,,,,,,,,,,,,,,,,,,,,,,,,,,,,,,,,,,,,,,,,,,,,,,,,,,,,,,,,,,,,,,,,,,,,,,,,,,,,,,,,,,,,,,,,,,,,,,,,,,,,,,,,,,,,,,,,,,,,,,,,,,,,,,,,,,,,,,,,,,,,,,,,,,,,,,,,,,,,,,,,,,,,,,,,,,,,,,,,,,,,,,,,,,,,,,,,,,,,,,,,,,,,,,,,,,,,,,,,,,,,,
Crédits de carbone,Carbon credits,,,,,Crédits de carbone//Carbon credits,,,,,,,,,,,,,,,,,,,,,,,,,,,,,,,,,,,,,,,,,,,,,,,,,,,,,,,,,,,,,,,,,,,,,,,,,,,,,,,,,,,,,,,,,,,,,,,,,,,,,,,,,,,,,,,,,,,,,,,,,,,,,,,,,,,,,,,,,,,,,,,,,,,,,,,,,,,,,,,,,,,,,,,,,,,,,,,,,,,,,,,,,,,,,,,,,,,,,,,,,,,,,,,,,,,,,,,,,,,,,,,,,,,,,,,,,,,,,,,,,,,,,,,,,
Primes,Bonuses,,,,,Primes//Bonuses,,,,,,,,,,,,,,,,,,,,,,,,,,,,,,,,,,,,,,,,,,,,,,,,,,,,,,,,,,,,,,,,,,,,,,,,,,,,,,,,,,,,,,,,,,,,,,,,,,,,,,,,,,,,,,,,,,,,,,,,,,,,,,,,,,,,,,,,,,,,,,,,,,,,,,,,,,,,,,,,,,,,,,,,,,,,,,,,,,,,,,,,,,,,,,,,,,,,,,,,,,,,,,,,,,,,,,,,,,,,,,,,,,,,,,,,,,,,,,,,,,,,,,,,,
Participation de l'Etat,State participation,,,,,Participation de l'Etat//State participation,,,,,,,,,,,,,,,,,,,,,,,,,,,,,,,,,,,,,,,,,,,,,,,,,,,,,,,,,,,,,,,,,,,,,,,,,,,,,,,,,,,,,,,,,,,,,,,,,,,,,,,,,,,,,,,,,,,,,,,,,,,,,,,,,,,,,,,,,,,,,,,,,,,,,,,,,,,,,,,,,,,,,,,,,,,,,,,,,,,,,,,,,,,,,,,,,,,,,,,,,,,,,,,,,,,,,,,,,,,,,,,,,,,,,,,,,,,,,,,,,,,,,,,,,
Exonérations non-précisées ailleurs,Other exemptions,,,,,Exonérations non-précisées ailleurs//Other exemptions,,,,,,,,,,,,,,,,,,,,,,,,,,,,,,,,,,,,,,,,,,,,,,,,,,,,,,,,,,,,,,,,,,,,,,,,,,,,,,,,,,,,,,,,,,,,,,,,,,,,,,,,,,,,,,,,,,,,,,,,,,,,,,,,,,,,,,,,,,,,,,,,,,,,,,,,,,,,,,,,,,,,,,,,,,,,,,,,,,,,,,,,,,,,,,,,,,,,,,,,,,,,,,,,,,,,,,,,,,,,,,,,,,,,,,,,,,,,,,,,,,,,,,,,,
Modes d'audit à l'égard des obligations financières du détenteur du titre,Audit mechanisms - financial obligations,,,,,Modes d'audit à l'égard des obligations financières du détenteur du titre//Audit mechanisms - financial obligations,,,,,,,,,,,,,,,,,,,,,,,,,,,,,,,,,,,,,,,,,,,,,,,,,,,,,,,,,,,,,,,,,,,,,,,,,,,,,,,,,,,,,,,,,,,,,,,,,,,,,,,,,,,,,,,,,,,,,,,,,,,,,,,,,,,,,,,,,,,,,,,,,,,,,,,,,,,,,,,,,,,,,,,,,,,,,,,,,,,,,,,,,,,,,,,,,,,,,,,,,,,,,,,,,,,,,,,,,,,,,,,,,,,,,,,,,,,,,,,,,,,,,,,,,
Restrictions sur les transactions avec les parties liées,Restrictions on transactions with affiliated parties,,,,,Restrictions sur les transactions avec les parties liées//Restrictions on transactions with affiliated parties,,,,,,,,,,,,,,,,,,,,,,,,,,,,,,,,,,,,,,,,,,,,,,,,,,,,,,,,,,,,,,,,,,,,,,,,,,,,,,,,,,,,,,,,,,,,,,,,,,,,,,,,,,,,,,,,,,,,,,,,,,,,,,,,,,,,,,,,,,,,,,,,,,,,,,,,,,,,,,,,,,,,,,,,,,,,,,,,,,,,,,,,,,,,,,,,,,,,,,,,,,,,,,,,,,,,,,,,,,,,,,,,,,,,,,,,,,,,,,,,,,,,,,,,,
Autre - [le nom de catégorie],Other - [Name of Category],,,,,Autre - [le nom de catégorie]//Other - [Name of Category],,,,,,,,,,,,,,,,,,,,,,,,,,,,,,,,,,,,,,,,,,,,,,,,,,,,,,,,,,,,,,,,,,,,,,,,,,,,,,,,,,,,,,,,,,,,,,,,,,,,,,,,,,,,,,,,,,,,,,,,,,,,,,,,,,,,,,,,,,,,,,,,,,,,,,,,,,,,,,,,,,,,,,,,,,,,,,,,,,,,,,,,,,,,,,,,,,,,,,,,,,,,,,,,,,,,,,,,,,,,,,,,,,,,,,,,,,,,,,,,,,,,,,,,,
4. Dispositions environnementales ,4. Environmental provisions,,,,,4. Dispositions environnementales //4. Environmental provisions,,,,,,,,,,,,,,,,,,,,,,,,,,,,,,,,,,,,,,,,,,,,,,,,,,,,,,,,,,,,,,,,,,,,,,,,,,,,,,,,,,,,,,,,,,,,,,,,,,,,,,,,,,,,,,,,,,,,,,,,,,,,,,,,,,,,,,,,,,,,,,,,,,,,,,,,,,,,,,,,,,,,,,,,,,,,,,,,,,,,,,,,,,,,,,,,,,,,,,,,,,,,,,,,,,,,,,,,,,,,,,,,,,,,,,,,,,,,,,,,,,,,,,,,,
"Etude d'impact social, environnemental ou des droits humains, et les plans de gestion des risques","Social, environmental and/or human rights impact assessments, as well as related management plans","Alpha Logging & Processing shall conduct all operations and activities using only environmentally sound forest harvesting practices that conform to: i) The forest management guidelines; ii) The Liberia code of forest harvesting practices; and iii) internationally accepted, scientific principles and practices applicable to forest operations and timbe processing. Alpha Logging & Processing shall conduct all operations and activities so as to avoid waste and loss of natural resources and to protect natural resources from damage, as well as to prevent pollution and contamination of the environment. Alpha Logging & Processing shall conduct all operations and activities so as to prevent pollution of the surrounding environment. ",Art. B6.3,65 (top),,"Etude d'impact social, environnemental ou des droits humains, et les plans de gestion des risques//Social, environmental and/or human rights impact assessments, as well as related management plans","Alpha Logging & Processing shall conduct all operations and activities using only environmentally sound forest harvesting practices that conform to: i) The forest management guidelines; ii) The Liberia code of forest harvesting practices; and iii) internationally accepted, scientific principles and practices applicable to forest operations and timbe processing. Alpha Logging & Processing shall conduct all operations and activities so as to avoid waste and loss of natural resources and to protect natural resources from damage, as well as to prevent pollution and contamination of the environment. Alpha Logging & Processing shall conduct all operations and activities so as to prevent pollution of the surrounding environment. --Art. B6.3",,,,,,,,,,,,,,,,,,,,,,,,,,,,,,,,,,,,,,,,,,,,,,,,,,,,,,,,,,,,,,,,,,,,,,,,,,,,,,,,,,,,,,,,,,,,,,,,,,,,,,,,,,,,,,,,,,,,,,,,,,,,,,,,,,,,,,,,,,,,,,,,,,,,,,,,,,,,,,,,,,,,,,,,,,,,,,,,,,,,,,,,,,,,,,,,,,,,,,,,,,,,,,,,,,,,,,,,,,,,,,,,,,,,,,,,,,,,,,,,,,,,,,,,
Mode et fréquence de suivi des risques sociaux (y compris enfreinte aux droits de l'homme) ou environnementaux,"Social, environmental and/or human rights monitoring requirements",The Government shall convene an ad hoc social responsibility review committee at intervals of no less than 5 years and prepare a report on Alpha Logging & Processing's relations with local communities and compliance with social agreements. Alpha Logging & Processing shall cooperate with the review committee.,Art. B8.83,93 (top),,"Mode et fréquence de suivi des risques sociaux (y compris enfreinte aux droits de l'homme) ou environnementaux//Social, environmental and/or human rights monitoring requirements",The Government shall convene an ad hoc social responsibility review committee at intervals of no less than 5 years and prepare a report on Alpha Logging & Processing's relations with local communities and compliance with social agreements. Alpha Logging & Processing shall cooperate with the review committee.--Art. B8.83,,,,,,,,,,,,,,,,,,,,,,,,,,,,,,,,,,,,,,,,,,,,,,,,,,,,,,,,,,,,,,,,,,,,,,,,,,,,,,,,,,,,,,,,,,,,,,,,,,,,,,,,,,,,,,,,,,,,,,,,,,,,,,,,,,,,,,,,,,,,,,,,,,,,,,,,,,,,,,,,,,,,,,,,,,,,,,,,,,,,,,,,,,,,,,,,,,,,,,,,,,,,,,,,,,,,,,,,,,,,,,,,,,,,,,,,,,,,,,,,,,,,,,,,
"Droit de prendre ou d'utiliser l'eau dans la zone de concession (ou à coté) (y compris les tarifs, licences, et permis)","Right to take and/or use water within/near contract concession area (including fees, licenses, and permits required)","Subject to the written approval of the Government, the negotiated social agreement, and such conditions as the Government or the social agreement may impose, Alpha Logging & Processing may use free of charge any water found within the contract area and any water within the public domain within 5 kilometers of the contract area for purposes necessary or useful to Alpha Logging & Processing's operations and activities under the contract; provided, however, that Alpha Logging & Processing shall not deprive any lands, tribes, villages, towns, houses, or watering places for animals of a reasonable supply of water in so far as such water has, through custom, been utilized for such lands, tribes, villages, towns, houses, or animals. Nor shall Alpha Logging & Processing interfere with the rights of water enjoyed by any persons under the land and native right ordinance. Alpha Logging & Processing shall ensure that its use of water in no way results in environmental damage or creates other hazards.",Art. B4.3,45 (bottom),,"Droit de prendre ou d'utiliser l'eau dans la zone de concession (ou à coté) (y compris les tarifs, licences, et permis)//Right to take and/or use water within/near contract concession area (including fees, licenses, and permits required)","Subject to the written approval of the Government, the negotiated social agreement, and such conditions as the Government or the social agreement may impose, Alpha Logging & Processing may use free of charge any water found within the contract area and any water within the public domain within 5 kilometers of the contract area for purposes necessary or useful to Alpha Logging & Processing's operations and activities under the contract; provided, however, that Alpha Logging & Processing shall not deprive any lands, tribes, villages, towns, houses, or watering places for animals of a reasonable supply of water in so far as such water has, through custom, been utilized for such lands, tribes, villages, towns, houses, or animals. Nor shall Alpha Logging & Processing interfere with the rights of water enjoyed by any persons under the land and native right ordinance. Alpha Logging & Processing shall ensure that its use of water in no way results in environmental damage or creates other hazards.--Art. B4.3",,,,,,,,,,,,,,,,,,,,,,,,,,,,,,,,,,,,,,,,,,,,,,,,,,,,,,,,,,,,,,,,,,,,,,,,,,,,,,,,,,,,,,,,,,,,,,,,,,,,,,,,,,,,,,,,,,,,,,,,,,,,,,,,,,,,,,,,,,,,,,,,,,,,,,,,,,,,,,,,,,,,,,,,,,,,,,,,,,,,,,,,,,,,,,,,,,,,,,,,,,,,,,,,,,,,,,,,,,,,,,,,,,,,,,,,,,,,,,,,,,,,,,,,
Les autres obligations pour la protection de l'environnement (y compris la prévention de la pollution et la protection des cours d'eau),Other requirements regarding protection of the environment (including prevention of pollution and watercourse protection),"Watercourse Protection: Alpha Logging & Processing shall comply with all requirements for watercourse protection contained in the Liberia code of forest harvesting practices. Erosion Prevention and Control: Alpha Logging & Processing shall conduct all operations so as to reasonably minimize soil erosion and shall comply with all requirements for erosion prevention and control contained in the Liberia code of forest harvesting practices. Prevention of Pollution: Alpha Logging & Processing shall provide for the proper disposal of sawdust, mill, and other wastes so as to prevent pollution or contamination to the environment or to rivers, streams, and other waterways, and to prevent such wastes from becoming a nuisance or injurious to persons or property. Alpha Logging & Processing shall take all reasonable precautions to prevent pollution of air, soil, and water by Alpha Logging & Processing's operations. If facilities for employees are established on contract area, they shall be operated in a sanitary manner. Alpha Logging & Processing shall maintain all equipment operating on contract area in good repair and free of abnormal leakage of lubricants, fuel, coolants, and hydraulic fluid. Alpha Logging & Processing shall not service tractors, trucks, or other equipment where servicing is likely to result in pollution to soil or water. Alpha Logging & Processing shall furnish oil-absorbing mats for use under all stationary equipment or equipment being serviced to prevent leaking or spilled petroleum-based products from contaminating soil and water resources. Alpha Logging & Processing shall remove and dispose of all contaminated soil, vegetation, debris, vehicle oil filters (drained of free-flowing oil), batteries, oily rags, and waste oil resulting from use, servicing, repair, or abandonment of equipment. In the event that Alpha Logging & Processing's operations or servicing of equipment result in pollution to soil or water, Alpha Logging & Processing shall conduct cleanup and restoration of the polluted site to the satisfaction of Forestry Development Authority. If Alpha Logging & Processing maintains storage facilities for oil or oil products on contract area, Alpha Logging & Processing shall take appropriate preventive measures to ensure that any spill of such oil or oil products does not enter any stream or other waters. If the total oil or oil products storage exceeds 5,000 liters, Alpha Logging & Processing shall prepare a spill prevention control and counter measures plan. Alpha Logging & Processing shall notify the contracting officer and appropriate agencies of all spills of oil or oil products or hazardous substances on or in the vicinity of contract area. Alpha Logging & Processing shall take whatever action may be safely accomplished to contain all spills.","Arts. B6.36, B6.37, B6.38","69 (middle), 69 (bottom), 70 (top)",,Les autres obligations pour la protection de l'environnement (y compris la prévention de la pollution et la protection des cours d'eau)//Other requirements regarding protection of the environment (including prevention of pollution and watercourse protection),"Watercourse Protection: Alpha Logging & Processing shall comply with all requirements for watercourse protection contained in the Liberia code of forest harvesting practices. Erosion Prevention and Control: Alpha Logging & Processing shall conduct all operations so as to reasonably minimize soil erosion and shall comply with all requirements for erosion prevention and control contained in the Liberia code of forest harvesting practices. Prevention of Pollution: Alpha Logging & Processing shall provide for the proper disposal of sawdust, mill, and other wastes so as to prevent pollution or contamination to the environment or to rivers, streams, and other waterways, and to prevent such wastes from becoming a nuisance or injurious to persons or property. Alpha Logging & Processing shall take all reasonable precautions to prevent pollution of air, soil, and water by Alpha Logging & Processing's operations. If facilities for employees are established on contract area, they shall be operated in a sanitary manner. Alpha Logging & Processing shall maintain all equipment operating on contract area in good repair and free of abnormal leakage of lubricants, fuel, coolants, and hydraulic fluid. Alpha Logging & Processing shall not service tractors, trucks, or other equipment where servicing is likely to result in pollution to soil or water. Alpha Logging & Processing shall furnish oil-absorbing mats for use under all stationary equipment or equipment being serviced to prevent leaking or spilled petroleum-based products from contaminating soil and water resources. Alpha Logging & Processing shall remove and dispose of all contaminated soil, vegetation, debris, vehicle oil filters (drained of free-flowing oil), batteries, oily rags, and waste oil resulting from use, servicing, repair, or abandonment of equipment. In the event that Alpha Logging & Processing's operations or servicing of equipment result in pollution to soil or water, Alpha Logging & Processing shall conduct cleanup and restoration of the polluted site to the satisfaction of Forestry Development Authority. If Alpha Logging & Processing maintains storage facilities for oil or oil products on contract area, Alpha Logging & Processing shall take appropriate preventive measures to ensure that any spill of such oil or oil products does not enter any stream or other waters. If the total oil or oil products storage exceeds 5,000 liters, Alpha Logging & Processing shall prepare a spill prevention control and counter measures plan. Alpha Logging & Processing shall notify the contracting officer and appropriate agencies of all spills of oil or oil products or hazardous substances on or in the vicinity of contract area. Alpha Logging & Processing shall take whatever action may be safely accomplished to contain all spills.--Arts. B6.36, B6.37, B6.38",,,,,,,,,,,,,,,,,,,,,,,,,,,,,,,,,,,,,,,,,,,,,,,,,,,,,,,,,,,,,,,,,,,,,,,,,,,,,,,,,,,,,,,,,,,,,,,,,,,,,,,,,,,,,,,,,,,,,,,,,,,,,,,,,,,,,,,,,,,,,,,,,,,,,,,,,,,,,,,,,,,,,,,,,,,,,,,,,,,,,,,,,,,,,,,,,,,,,,,,,,,,,,,,,,,,,,,,,,,,,,,,,,,,,,,,,,,,,,,,,,,,,,,,
Autre - [le nom de catégorie],Other - [Name of Category],,,,,Autre - [le nom de catégorie]//Other - [Name of Category],,,,,,,,,,,,,,,,,,,,,,,,,,,,,,,,,,,,,,,,,,,,,,,,,,,,,,,,,,,,,,,,,,,,,,,,,,,,,,,,,,,,,,,,,,,,,,,,,,,,,,,,,,,,,,,,,,,,,,,,,,,,,,,,,,,,,,,,,,,,,,,,,,,,,,,,,,,,,,,,,,,,,,,,,,,,,,,,,,,,,,,,,,,,,,,,,,,,,,,,,,,,,,,,,,,,,,,,,,,,,,,,,,,,,,,,,,,,,,,,,,,,,,,,,
,"Use of Gravel, Sand, Clay and Stone","Subject to written approval of the Government, the terms of the social agreement, and such conditions as the Government may impose, Alpha Logging & Processing may use, free of charge, gravel, sand, clay, and stone found within the public land on the contract area for purposes necessary or useful to Alpha Logging & Processing's operations and activities under the contract. Such material may not be sold. Upon completion of use or termination of this contract, any excavation shall be restored by Alpha Logging & Processing, as far as may be reasonably practical, to its original condition and, if required by the Government, fenced or otherwise safe-guarded.",Art. B4.4,45 (bottom),,"//Use of Gravel, Sand, Clay and Stone","Subject to written approval of the Government, the terms of the social agreement, and such conditions as the Government may impose, Alpha Logging & Processing may use, free of charge, gravel, sand, clay, and stone found within the public land on the contract area for purposes necessary or useful to Alpha Logging & Processing's operations and activities under the contract. Such material may not be sold. Upon completion of use or termination of this contract, any excavation shall be restored by Alpha Logging & Processing, as far as may be reasonably practical, to its original condition and, if required by the Government, fenced or otherwise safe-guarded.--Art. B4.4",,,,,,,,,,,,,,,,,,,,,,,,,,,,,,,,,,,,,,,,,,,,,,,,,,,,,,,,,,,,,,,,,,,,,,,,,,,,,,,,,,,,,,,,,,,,,,,,,,,,,,,,,,,,,,,,,,,,,,,,,,,,,,,,,,,,,,,,,,,,,,,,,,,,,,,,,,,,,,,,,,,,,,,,,,,,,,,,,,,,,,,,,,,,,,,,,,,,,,,,,,,,,,,,,,,,,,,,,,,,,,,,,,,,,,,,,,,,,,,,,,,,,,,,
5. Dispositions relatives aux opérations et à l’infrastructure,5. Operational provisions,,,,,5. Dispositions relatives aux opérations et à l’infrastructure//5. Operational provisions,,,,,,,,,,,,,,,,,,,,,,,,,,,,,,,,,,,,,,,,,,,,,,,,,,,,,,,,,,,,,,,,,,,,,,,,,,,,,,,,,,,,,,,,,,,,,,,,,,,,,,,,,,,,,,,,,,,,,,,,,,,,,,,,,,,,,,,,,,,,,,,,,,,,,,,,,,,,,,,,,,,,,,,,,,,,,,,,,,,,,,,,,,,,,,,,,,,,,,,,,,,,,,,,,,,,,,,,,,,,,,,,,,,,,,,,,,,,,,,,,,,,,,,,,
L'étude de faisabilité et le plan d'affaires,Feasibility studies and requirement of business plan,"As part of its forest management plan, Alpha Logging & Processing shall include an up-to-date business plan demonstrating, to Forestry Development Authority's satisfaction, that Alpha Logging & Processing has the technical and financial capacity to manage the contract area sustainably. The business plan must conform with Forestry Development Authority's guidelines for forest management planning.",Art. B3.13,33 (bottom),,L'étude de faisabilité et le plan d'affaires//Feasibility studies and requirement of business plan,"As part of its forest management plan, Alpha Logging & Processing shall include an up-to-date business plan demonstrating, to Forestry Development Authority's satisfaction, that Alpha Logging & Processing has the technical and financial capacity to manage the contract area sustainably. The business plan must conform with Forestry Development Authority's guidelines for forest management planning.--Art. B3.13",,,,,,,,,,,,,,,,,,,,,,,,,,,,,,,,,,,,,,,,,,,,,,,,,,,,,,,,,,,,,,,,,,,,,,,,,,,,,,,,,,,,,,,,,,,,,,,,,,,,,,,,,,,,,,,,,,,,,,,,,,,,,,,,,,,,,,,,,,,,,,,,,,,,,,,,,,,,,,,,,,,,,,,,,,,,,,,,,,,,,,,,,,,,,,,,,,,,,,,,,,,,,,,,,,,,,,,,,,,,,,,,,,,,,,,,,,,,,,,,,,,,,,,,
"Obligations de travaux, d'investissements",Work and investment commitments,,,,,"Obligations de travaux, d'investissements//Work and investment commitments",,,,,,,,,,,,,,,,,,,,,,,,,,,,,,,,,,,,,,,,,,,,,,,,,,,,,,,,,,,,,,,,,,,,,,,,,,,,,,,,,,,,,,,,,,,,,,,,,,,,,,,,,,,,,,,,,,,,,,,,,,,,,,,,,,,,,,,,,,,,,,,,,,,,,,,,,,,,,,,,,,,,,,,,,,,,,,,,,,,,,,,,,,,,,,,,,,,,,,,,,,,,,,,,,,,,,,,,,,,,,,,,,,,,,,,,,,,,,,,,,,,,,,,,,
Rétrocession,Transfer of risk,,,,,Rétrocession//Transfer of risk,,,,,,,,,,,,,,,,,,,,,,,,,,,,,,,,,,,,,,,,,,,,,,,,,,,,,,,,,,,,,,,,,,,,,,,,,,,,,,,,,,,,,,,,,,,,,,,,,,,,,,,,,,,,,,,,,,,,,,,,,,,,,,,,,,,,,,,,,,,,,,,,,,,,,,,,,,,,,,,,,,,,,,,,,,,,,,,,,,,,,,,,,,,,,,,,,,,,,,,,,,,,,,,,,,,,,,,,,,,,,,,,,,,,,,,,,,,,,,,,,,,,,,,,,
Construction et entretien d'infrastructure,Construction and maintenance of infrastructure,"Alpha Logging & Processing shall ensure that all infrastructure and works installed in relation to this contract comply with the Liberia code of forest harvesting practice and other applicable laws. Alpha Logging & Processing shall design, construct, and maintain infrastructure and works in a manner that avoids unreasonable risk to safety, health, welfare, and the environment. Upon written request of Alpha Logging & Processing to approve a completed installation, the Forestry Development Authority shall perform an inspection within 15 days, so as not to delay unnecessarily the progress of Alpha Logging & Processing's operations. Alpha Logging & Processing shall request approval for construction of or major maintenance on roads, building construction, erosion control projects, and any other significant land-disturbing activity undertaken by Alpha Logging & Processing in relation to this contract. In the event that Forestry Development Authority is unable to inspect the installation within 15 days of Alpha Logging & Processing's request, the Authority shall notify Alpha Logging & Processing in writing of the necessity for postponement and provide a time when inspection may proceed. In conducting inspections, Forestry Development Authority shall apply the procedures, if any, in the Liberian code of forest harvesting practices and the standards in subsection (a) of this Section. Within 7 days of inspection, Forestry Development Authority shall furnish Alpha with written notices of acceptances of work remaining to be done. e) Acceptance of Alpha Logging & Processing's work relieves Alpha Logging & Processing of further contractual obligations related to the inspected WORK, with the exception of roads and erosion control devices. i) Alpha Logging & Processing is responsible for maintaining erosion control devices for 5 years from the date of acceptance or until the termination date set at the beginning of this contract. ii) Alpha Logging & Processing is responsible for repairing all road damage, from whatever cause, for 3 years from the date of acceptance or until the termination date set at the beginning of the contract. Until Alpha Logging & Processing gains Forestry Development Authority's acceptance for work, Alpha Logging & Processing remains liable for repair or completion of the work, regardless of time elapsed. ",Art. B6.18,63 (middle),,Construction et entretien d'infrastructure//Construction and maintenance of infrastructure,"Alpha Logging & Processing shall ensure that all infrastructure and works installed in relation to this contract comply with the Liberia code of forest harvesting practice and other applicable laws. Alpha Logging & Processing shall design, construct, and maintain infrastructure and works in a manner that avoids unreasonable risk to safety, health, welfare, and the environment. Upon written request of Alpha Logging & Processing to approve a completed installation, the Forestry Development Authority shall perform an inspection within 15 days, so as not to delay unnecessarily the progress of Alpha Logging & Processing's operations. Alpha Logging & Processing shall request approval for construction of or major maintenance on roads, building construction, erosion control projects, and any other significant land-disturbing activity undertaken by Alpha Logging & Processing in relation to this contract. In the event that Forestry Development Authority is unable to inspect the installation within 15 days of Alpha Logging & Processing's request, the Authority shall notify Alpha Logging & Processing in writing of the necessity for postponement and provide a time when inspection may proceed. In conducting inspections, Forestry Development Authority shall apply the procedures, if any, in the Liberian code of forest harvesting practices and the standards in subsection (a) of this Section. Within 7 days of inspection, Forestry Development Authority shall furnish Alpha with written notices of acceptances of work remaining to be done. e) Acceptance of Alpha Logging & Processing's work relieves Alpha Logging & Processing of further contractual obligations related to the inspected WORK, with the exception of roads and erosion control devices. i) Alpha Logging & Processing is responsible for maintaining erosion control devices for 5 years from the date of acceptance or until the termination date set at the beginning of this contract. ii) Alpha Logging & Processing is responsible for repairing all road damage, from whatever cause, for 3 years from the date of acceptance or until the termination date set at the beginning of the contract. Until Alpha Logging & Processing gains Forestry Development Authority's acceptance for work, Alpha Logging & Processing remains liable for repair or completion of the work, regardless of time elapsed. --Art. B6.18",,,,,,,,,,,,,,,,,,,,,,,,,,,,,,,,,,,,,,,,,,,,,,,,,,,,,,,,,,,,,,,,,,,,,,,,,,,,,,,,,,,,,,,,,,,,,,,,,,,,,,,,,,,,,,,,,,,,,,,,,,,,,,,,,,,,,,,,,,,,,,,,,,,,,,,,,,,,,,,,,,,,,,,,,,,,,,,,,,,,,,,,,,,,,,,,,,,,,,,,,,,,,,,,,,,,,,,,,,,,,,,,,,,,,,,,,,,,,,,,,,,,,,,,
Commercialisation et accès gouvernemental à la production ,Marketing of output and state access to output,,,,,Commercialisation et accès gouvernemental à la production //Marketing of output and state access to output,,,,,,,,,,,,,,,,,,,,,,,,,,,,,,,,,,,,,,,,,,,,,,,,,,,,,,,,,,,,,,,,,,,,,,,,,,,,,,,,,,,,,,,,,,,,,,,,,,,,,,,,,,,,,,,,,,,,,,,,,,,,,,,,,,,,,,,,,,,,,,,,,,,,,,,,,,,,,,,,,,,,,,,,,,,,,,,,,,,,,,,,,,,,,,,,,,,,,,,,,,,,,,,,,,,,,,,,,,,,,,,,,,,,,,,,,,,,,,,,,,,,,,,,,
Utilisation d’infrastructure par les tiers,Third party use of infrastructure,,,,,Utilisation d’infrastructure par les tiers//Third party use of infrastructure,,,,,,,,,,,,,,,,,,,,,,,,,,,,,,,,,,,,,,,,,,,,,,,,,,,,,,,,,,,,,,,,,,,,,,,,,,,,,,,,,,,,,,,,,,,,,,,,,,,,,,,,,,,,,,,,,,,,,,,,,,,,,,,,,,,,,,,,,,,,,,,,,,,,,,,,,,,,,,,,,,,,,,,,,,,,,,,,,,,,,,,,,,,,,,,,,,,,,,,,,,,,,,,,,,,,,,,,,,,,,,,,,,,,,,,,,,,,,,,,,,,,,,,,,
Financement d’infrastructure,Financing of infrastructure,,,,,Financement d’infrastructure//Financing of infrastructure,,,,,,,,,,,,,,,,,,,,,,,,,,,,,,,,,,,,,,,,,,,,,,,,,,,,,,,,,,,,,,,,,,,,,,,,,,,,,,,,,,,,,,,,,,,,,,,,,,,,,,,,,,,,,,,,,,,,,,,,,,,,,,,,,,,,,,,,,,,,,,,,,,,,,,,,,,,,,,,,,,,,,,,,,,,,,,,,,,,,,,,,,,,,,,,,,,,,,,,,,,,,,,,,,,,,,,,,,,,,,,,,,,,,,,,,,,,,,,,,,,,,,,,,,
Propriété d’infrastructure,Ownership of infrastructure,All infrastructure shall revert to the Government upon termination of the contract. Alpha Logging & Processing shall leave such facilities in a maintained and safe running order.,Art. B4.24,45 (top),,Propriété d’infrastructure//Ownership of infrastructure,All infrastructure shall revert to the Government upon termination of the contract. Alpha Logging & Processing shall leave such facilities in a maintained and safe running order.--Art. B4.24,,,,,,,,,,,,,,,,,,,,,,,,,,,,,,,,,,,,,,,,,,,,,,,,,,,,,,,,,,,,,,,,,,,,,,,,,,,,,,,,,,,,,,,,,,,,,,,,,,,,,,,,,,,,,,,,,,,,,,,,,,,,,,,,,,,,,,,,,,,,,,,,,,,,,,,,,,,,,,,,,,,,,,,,,,,,,,,,,,,,,,,,,,,,,,,,,,,,,,,,,,,,,,,,,,,,,,,,,,,,,,,,,,,,,,,,,,,,,,,,,,,,,,,,
Modes d'audit à l'égard des dispositions opérationnelles,Audit mechanisms - operational obligations,"The Forestry Development Authority shall convene an ad hoc contract audit committee to promptly complete an annual contract audit including each specific and general provisions and written report in the first quarter of each fiscal year. After consultation with the appropriate agencies, the Forestry Development Authority shall name up to five individuals to the contract audit committee, including at least one representative from each of the following four organizations: Forestry Development Authority, the Ministry of Finance, the Ministry of Justice, and a civil society group not affiliated with or controlled by Alpha Logging & Processing. ",Art. B8.81,91 (top),,Modes d'audit à l'égard des dispositions opérationnelles//Audit mechanisms - operational obligations,"The Forestry Development Authority shall convene an ad hoc contract audit committee to promptly complete an annual contract audit including each specific and general provisions and written report in the first quarter of each fiscal year. After consultation with the appropriate agencies, the Forestry Development Authority shall name up to five individuals to the contract audit committee, including at least one representative from each of the following four organizations: Forestry Development Authority, the Ministry of Finance, the Ministry of Justice, and a civil society group not affiliated with or controlled by Alpha Logging & Processing. --Art. B8.81",,,,,,,,,,,,,,,,,,,,,,,,,,,,,,,,,,,,,,,,,,,,,,,,,,,,,,,,,,,,,,,,,,,,,,,,,,,,,,,,,,,,,,,,,,,,,,,,,,,,,,,,,,,,,,,,,,,,,,,,,,,,,,,,,,,,,,,,,,,,,,,,,,,,,,,,,,,,,,,,,,,,,,,,,,,,,,,,,,,,,,,,,,,,,,,,,,,,,,,,,,,,,,,,,,,,,,,,,,,,,,,,,,,,,,,,,,,,,,,,,,,,,,,,
Activité de beneficiation/ valeur ajoutée,Value addition/downstream activities,Sawmill: US $2.5 million (to be installed in the first 3 years). Plywood Mill/Vineer: US $22 million (installed in the first 3 years).,A2,21 (top),,Activité de beneficiation/ valeur ajoutée//Value addition/downstream activities,Sawmill: US $2.5 million (to be installed in the first 3 years). Plywood Mill/Vineer: US $22 million (installed in the first 3 years).--A2,,,,,,,,,,,,,,,,,,,,,,,,,,,,,,,,,,,,,,,,,,,,,,,,,,,,,,,,,,,,,,,,,,,,,,,,,,,,,,,,,,,,,,,,,,,,,,,,,,,,,,,,,,,,,,,,,,,,,,,,,,,,,,,,,,,,,,,,,,,,,,,,,,,,,,,,,,,,,,,,,,,,,,,,,,,,,,,,,,,,,,,,,,,,,,,,,,,,,,,,,,,,,,,,,,,,,,,,,,,,,,,,,,,,,,,,,,,,,,,,,,,,,,,,
Autorisation pour utiliser les terres publique ou privées à l'extérieur de la zone de concession,Contracting party's permitted use of public or private land outside concession area,"Use of Public Lands Outside Contract Area: Alpha Logging & Processing shall not use public land outside the contract area, unless it has express, written permission to do so from the Forestry Development Authority. Before requesting such permission, Alpha Logging & Processing shall consult with all potentially affected communities that are party to social agreements with Alpha Logging & Processing. Alpha Logging & Processing shall make a written record of the time, place, and general content of these consultations. Alpha Logging & Processing's requests to the Forestry Development Authority to use such public lands must be in writing. For convenience, Alpha Logging & Processing may make such requests in its annual operational plan, so long as they are expressly and clearly identified as requests to use public land outside the contract area. The Forestry Development Authority shall then approve or deny such requests as part of its review of the annual operational plan. The Forestry Development Authority may deny the request while approving the remainder of the plan. The Forestry Development Authority shall not unreasonably deny permission to use such land. The Forestry Development Authority and Alpha Logging & Processing shall negotiate the terms and conditions under which an easement or other use rights may be exercised. If Alpha Logging & Processing occupies lands, the terms shall include payment of area fees and an amount for land rental at the land rental bid rate. The right to use such land does not extend to the right to harvest timber, unless the timber is taken to clear land for a right-of-way or yarding area. Use of Private Lands: Alpha Logging & Processing may use private land with the express, written permission of the land owner. If Alpha Logging & Processing is unable to obtain the permission of the land owner for such use, then use is limited to rights of way, and any compensation is governed by Chapter 11 of the national forestry reform law of 2006 and Forestry Development Authority Regulation 110-07. With or without permission of the land owner: i) Alpha Logging & Processing shall not seek a use, lease, right-of-way, or easement that substantially interferes with the operations of another previously issued forest management contract or timber sale contract; and ii) Alpha Logging & Processing shall not interfere with any good faith exercise of third-party rights to timber or forest products, including customary rights, without permission of the third party. ","Arts. B4.12, B4.12",39 (middle),,Autorisation pour utiliser les terres publique ou privées à l'extérieur de la zone de concession//Contracting party's permitted use of public or private land outside concession area,"Use of Public Lands Outside Contract Area: Alpha Logging & Processing shall not use public land outside the contract area, unless it has express, written permission to do so from the Forestry Development Authority. Before requesting such permission, Alpha Logging & Processing shall consult with all potentially affected communities that are party to social agreements with Alpha Logging & Processing. Alpha Logging & Processing shall make a written record of the time, place, and general content of these consultations. Alpha Logging & Processing's requests to the Forestry Development Authority to use such public lands must be in writing. For convenience, Alpha Logging & Processing may make such requests in its annual operational plan, so long as they are expressly and clearly identified as requests to use public land outside the contract area. The Forestry Development Authority shall then approve or deny such requests as part of its review of the annual operational plan. The Forestry Development Authority may deny the request while approving the remainder of the plan. The Forestry Development Authority shall not unreasonably deny permission to use such land. The Forestry Development Authority and Alpha Logging & Processing shall negotiate the terms and conditions under which an easement or other use rights may be exercised. If Alpha Logging & Processing occupies lands, the terms shall include payment of area fees and an amount for land rental at the land rental bid rate. The right to use such land does not extend to the right to harvest timber, unless the timber is taken to clear land for a right-of-way or yarding area. Use of Private Lands: Alpha Logging & Processing may use private land with the express, written permission of the land owner. If Alpha Logging & Processing is unable to obtain the permission of the land owner for such use, then use is limited to rights of way, and any compensation is governed by Chapter 11 of the national forestry reform law of 2006 and Forestry Development Authority Regulation 110-07. With or without permission of the land owner: i) Alpha Logging & Processing shall not seek a use, lease, right-of-way, or easement that substantially interferes with the operations of another previously issued forest management contract or timber sale contract; and ii) Alpha Logging & Processing shall not interfere with any good faith exercise of third-party rights to timber or forest products, including customary rights, without permission of the third party. --Arts. B4.12, B4.12",,,,,,,,,,,,,,,,,,,,,,,,,,,,,,,,,,,,,,,,,,,,,,,,,,,,,,,,,,,,,,,,,,,,,,,,,,,,,,,,,,,,,,,,,,,,,,,,,,,,,,,,,,,,,,,,,,,,,,,,,,,,,,,,,,,,,,,,,,,,,,,,,,,,,,,,,,,,,,,,,,,,,,,,,,,,,,,,,,,,,,,,,,,,,,,,,,,,,,,,,,,,,,,,,,,,,,,,,,,,,,,,,,,,,,,,,,,,,,,,,,,,,,,,
Autre - [le nom de catégorie],Other - [Name of Category],,,,,Autre - [le nom de catégorie]//Other - [Name of Category],,,,,,,,,,,,,,,,,,,,,,,,,,,,,,,,,,,,,,,,,,,,,,,,,,,,,,,,,,,,,,,,,,,,,,,,,,,,,,,,,,,,,,,,,,,,,,,,,,,,,,,,,,,,,,,,,,,,,,,,,,,,,,,,,,,,,,,,,,,,,,,,,,,,,,,,,,,,,,,,,,,,,,,,,,,,,,,,,,,,,,,,,,,,,,,,,,,,,,,,,,,,,,,,,,,,,,,,,,,,,,,,,,,,,,,,,,,,,,,,,,,,,,,,,
6. Dispositions diverses,6. Miscellaneous provisions,,,,,6. Dispositions diverses//6. Miscellaneous provisions,,,,,,,,,,,,,,,,,,,,,,,,,,,,,,,,,,,,,,,,,,,,,,,,,,,,,,,,,,,,,,,,,,,,,,,,,,,,,,,,,,,,,,,,,,,,,,,,,,,,,,,,,,,,,,,,,,,,,,,,,,,,,,,,,,,,,,,,,,,,,,,,,,,,,,,,,,,,,,,,,,,,,,,,,,,,,,,,,,,,,,,,,,,,,,,,,,,,,,,,,,,,,,,,,,,,,,,,,,,,,,,,,,,,,,,,,,,,,,,,,,,,,,,,,
Loi applicable en cas des différends,Governing law in case of dispute,Liberian law.,Art. B3.41,37 (top),,Loi applicable en cas des différends//Governing law in case of dispute,Liberian law.--Art. B3.41,,,,,,,,,,,,,,,,,,,,,,,,,,,,,,,,,,,,,,,,,,,,,,,,,,,,,,,,,,,,,,,,,,,,,,,,,,,,,,,,,,,,,,,,,,,,,,,,,,,,,,,,,,,,,,,,,,,,,,,,,,,,,,,,,,,,,,,,,,,,,,,,,,,,,,,,,,,,,,,,,,,,,,,,,,,,,,,,,,,,,,,,,,,,,,,,,,,,,,,,,,,,,,,,,,,,,,,,,,,,,,,,,,,,,,,,,,,,,,,,,,,,,,,,
Arbitrage et règlement des différends,Arbitration and dispute resolution,,,,,Arbitrage et règlement des différends//Arbitration and dispute resolution,,,,,,,,,,,,,,,,,,,,,,,,,,,,,,,,,,,,,,,,,,,,,,,,,,,,,,,,,,,,,,,,,,,,,,,,,,,,,,,,,,,,,,,,,,,,,,,,,,,,,,,,,,,,,,,,,,,,,,,,,,,,,,,,,,,,,,,,,,,,,,,,,,,,,,,,,,,,,,,,,,,,,,,,,,,,,,,,,,,,,,,,,,,,,,,,,,,,,,,,,,,,,,,,,,,,,,,,,,,,,,,,,,,,,,,,,,,,,,,,,,,,,,,,,
Clause de stabilisation,Stabilization clause,,,,,Clause de stabilisation//Stabilization clause,,,,,,,,,,,,,,,,,,,,,,,,,,,,,,,,,,,,,,,,,,,,,,,,,,,,,,,,,,,,,,,,,,,,,,,,,,,,,,,,,,,,,,,,,,,,,,,,,,,,,,,,,,,,,,,,,,,,,,,,,,,,,,,,,,,,,,,,,,,,,,,,,,,,,,,,,,,,,,,,,,,,,,,,,,,,,,,,,,,,,,,,,,,,,,,,,,,,,,,,,,,,,,,,,,,,,,,,,,,,,,,,,,,,,,,,,,,,,,,,,,,,,,,,,
Cession / transfert,Assignment / transfer,"Alpha Logging & Processing shall not assign or transfer the contract or any interests, rights, privileges, or obligations under the contract, without prior written approval from the Government by and through the Ministry of Justice, Ministry of Finance, and the Forestry Development Authority. The Forest Development Authority shall not consent to any assignment or transfer of this contract, except in compliance with the requirements of authority regulation 104-07, section 71.",Art. B2.3,31 (middle),,Cession / transfert//Assignment / transfer,"Alpha Logging & Processing shall not assign or transfer the contract or any interests, rights, privileges, or obligations under the contract, without prior written approval from the Government by and through the Ministry of Justice, Ministry of Finance, and the Forestry Development Authority. The Forest Development Authority shall not consent to any assignment or transfer of this contract, except in compliance with the requirements of authority regulation 104-07, section 71.--Art. B2.3",,,,,,,,,,,,,,,,,,,,,,,,,,,,,,,,,,,,,,,,,,,,,,,,,,,,,,,,,,,,,,,,,,,,,,,,,,,,,,,,,,,,,,,,,,,,,,,,,,,,,,,,,,,,,,,,,,,,,,,,,,,,,,,,,,,,,,,,,,,,,,,,,,,,,,,,,,,,,,,,,,,,,,,,,,,,,,,,,,,,,,,,,,,,,,,,,,,,,,,,,,,,,,,,,,,,,,,,,,,,,,,,,,,,,,,,,,,,,,,,,,,,,,,,
Annulation / Résiliation ,Cancellation / termination,"A contracting officer shall give Alpha Logging & Processing notice, in writing, that all operations are suspended, specifying the particular breach and requiring Alpha Logging & Processing, within 90 days to remedy breach, if possible and pay any compensation due to the Government. If Alpha Logging & Processing fails to suspend operations, the contracting officer shall obtain a court order to require suspension of operations and immediately terminate this contract. If Alpha Logging & Processing suspends operations, but fails to remedy the breach within 90 days or such extended time as is allowed, the contracting officer shall terminate the contract. However, the contracting officer shall not terminate the contract if: i) Alpha Logging & Processing disputes whether there has been a breach of the contract; and ii) Alpha Logging & Processing has, within 90 days or such extended time as is allowed, referred the dispute to the contracting officer for decision and has thereafter diligently prosecuted its claim. Upon termination by the contracting officer, Alpha Logging & Processing's rights under the contract shall cease and Alpha Logging & Processing shall be liable for damages or any other obligations to the Government under the contract. In addition to any outstanding damages and contract obligations, the Forestry Development Authority shall charge Alpha Logging & Processing liquidated damages due to termination equivalent to total land rental bid fees for 1 year, which is the estimated time necessary to re-offer and sell the forest management contract. ",Art. B8.73,89 (middle),,Annulation / Résiliation //Cancellation / termination,"A contracting officer shall give Alpha Logging & Processing notice, in writing, that all operations are suspended, specifying the particular breach and requiring Alpha Logging & Processing, within 90 days to remedy breach, if possible and pay any compensation due to the Government. If Alpha Logging & Processing fails to suspend operations, the contracting officer shall obtain a court order to require suspension of operations and immediately terminate this contract. If Alpha Logging & Processing suspends operations, but fails to remedy the breach within 90 days or such extended time as is allowed, the contracting officer shall terminate the contract. However, the contracting officer shall not terminate the contract if: i) Alpha Logging & Processing disputes whether there has been a breach of the contract; and ii) Alpha Logging & Processing has, within 90 days or such extended time as is allowed, referred the dispute to the contracting officer for decision and has thereafter diligently prosecuted its claim. Upon termination by the contracting officer, Alpha Logging & Processing's rights under the contract shall cease and Alpha Logging & Processing shall be liable for damages or any other obligations to the Government under the contract. In addition to any outstanding damages and contract obligations, the Forestry Development Authority shall charge Alpha Logging & Processing liquidated damages due to termination equivalent to total land rental bid fees for 1 year, which is the estimated time necessary to re-offer and sell the forest management contract. --Art. B8.73",,,,,,,,,,,,,,,,,,,,,,,,,,,,,,,,,,,,,,,,,,,,,,,,,,,,,,,,,,,,,,,,,,,,,,,,,,,,,,,,,,,,,,,,,,,,,,,,,,,,,,,,,,,,,,,,,,,,,,,,,,,,,,,,,,,,,,,,,,,,,,,,,,,,,,,,,,,,,,,,,,,,,,,,,,,,,,,,,,,,,,,,,,,,,,,,,,,,,,,,,,,,,,,,,,,,,,,,,,,,,,,,,,,,,,,,,,,,,,,,,,,,,,,,
Indemnisation,Indemnification,"Alpha Logging & Processing shall at all times indemnify and hold the Government and its officers and agents harmless from all claims and liabilities for the death of or injury to persons, and for damage to property, from any cause whatsoever arising out of Alpha Logging & Processing's operations or activities hereunder or as a result of Alpha Logging & Processing's failure to comply with any law or regulation. Alpha Logging & Processing acknowledges that in the event of any damage, injury, or loss caused by the acts or omissions of Alpha Logging & Processing's agents, Alpha Logging & Processing is liable for the damage, injury, or loss to the extent provided by the laws of Liberia.",Art. B3.46,37 (bottom),,Indemnisation//Indemnification,"Alpha Logging & Processing shall at all times indemnify and hold the Government and its officers and agents harmless from all claims and liabilities for the death of or injury to persons, and for damage to property, from any cause whatsoever arising out of Alpha Logging & Processing's operations or activities hereunder or as a result of Alpha Logging & Processing's failure to comply with any law or regulation. Alpha Logging & Processing acknowledges that in the event of any damage, injury, or loss caused by the acts or omissions of Alpha Logging & Processing's agents, Alpha Logging & Processing is liable for the damage, injury, or loss to the extent provided by the laws of Liberia.--Art. B3.46",,,,,,,,,,,,,,,,,,,,,,,,,,,,,,,,,,,,,,,,,,,,,,,,,,,,,,,,,,,,,,,,,,,,,,,,,,,,,,,,,,,,,,,,,,,,,,,,,,,,,,,,,,,,,,,,,,,,,,,,,,,,,,,,,,,,,,,,,,,,,,,,,,,,,,,,,,,,,,,,,,,,,,,,,,,,,,,,,,,,,,,,,,,,,,,,,,,,,,,,,,,,,,,,,,,,,,,,,,,,,,,,,,,,,,,,,,,,,,,,,,,,,,,,
Confidentialité,Confidentiality,,,,,Confidentialité//Confidentiality,,,,,,,,,,,,,,,,,,,,,,,,,,,,,,,,,,,,,,,,,,,,,,,,,,,,,,,,,,,,,,,,,,,,,,,,,,,,,,,,,,,,,,,,,,,,,,,,,,,,,,,,,,,,,,,,,,,,,,,,,,,,,,,,,,,,,,,,,,,,,,,,,,,,,,,,,,,,,,,,,,,,,,,,,,,,,,,,,,,,,,,,,,,,,,,,,,,,,,,,,,,,,,,,,,,,,,,,,,,,,,,,,,,,,,,,,,,,,,,,,,,,,,,,,
Langue,Language,English,,,,Langue//Language,English,,,,,,,,,,,,,,,,,,,,,,,,,,,,,,,,,,,,,,,,,,,,,,,,,,,,,,,,,,,,,,,,,,,,,,,,,,,,,,,,,,,,,,,,,,,,,,,,,,,,,,,,,,,,,,,,,,,,,,,,,,,,,,,,,,,,,,,,,,,,,,,,,,,,,,,,,,,,,,,,,,,,,,,,,,,,,,,,,,,,,,,,,,,,,,,,,,,,,,,,,,,,,,,,,,,,,,,,,,,,,,,,,,,,,,,,,,,,,,,,,,,,,,,,
Obligations de reporting et autres méthodes de contrôle de la conformité,Reporting Requirements and other methods of monitoring compliance,"Annual reports: Alpha Logging & Processing shall, within 90 days of completing operations under each annual operational plan, provide to the Forestry Development Authority and the Ministry of Finance a written activity report that describes the previous year's operations, including the following: i) identification of each harvesting block in which it carried out operations during the prior year; ii) for each harvesting block identified, a full description of the timber produced, including a description of the number, volume, and quality of trees per species felled; iii) a description of the differences between planned and actual silvicultural, logging, and processing activities, boundary clearing and infrastructure maintenance activities, community-based activities, monitoring and enforcement activities, and environmental mitigation activities; and iv) any other information reasonably requested by the Forestry Development Authority. At the same time, Alpha Logging & Processing shall provide to the Forestry Development Authority a written security report that lists the number and type of illegal trespasses and timber thefts detected in the contract area during the previous year, along with strategies for improving security. Other reporting requirements: Alpha Logging & Processing shall keep the contracting officer fully and regularly informed as to Alpha Logging & Processing's operations and any other activities related to the contract. Alpha Logging & Processing shall comply with the revenue and finance law concerning reporting related to taxes and fees. Upon written request by the Forestry Development Authority, Alpha Logging & Processing shall provide to the Authority all documents required by it to determine Alpha Logging & Processing's compliance with monetary obligations. Upon written request by the Forestry Development Authority, Alpha Logging & Processing shall also provide all other information of whatever kind that the Government or its agents may request to fully evaluate its compliance with the contract and all legal requirements related to its operations.","Arts. B5.52, B5.53",53 (middle),,Obligations de reporting et autres méthodes de contrôle de la conformité//Reporting Requirements and other methods of monitoring compliance,"Annual reports: Alpha Logging & Processing shall, within 90 days of completing operations under each annual operational plan, provide to the Forestry Development Authority and the Ministry of Finance a written activity report that describes the previous year's operations, including the following: i) identification of each harvesting block in which it carried out operations during the prior year; ii) for each harvesting block identified, a full description of the timber produced, including a description of the number, volume, and quality of trees per species felled; iii) a description of the differences between planned and actual silvicultural, logging, and processing activities, boundary clearing and infrastructure maintenance activities, community-based activities, monitoring and enforcement activities, and environmental mitigation activities; and iv) any other information reasonably requested by the Forestry Development Authority. At the same time, Alpha Logging & Processing shall provide to the Forestry Development Authority a written security report that lists the number and type of illegal trespasses and timber thefts detected in the contract area during the previous year, along with strategies for improving security. Other reporting requirements: Alpha Logging & Processing shall keep the contracting officer fully and regularly informed as to Alpha Logging & Processing's operations and any other activities related to the contract. Alpha Logging & Processing shall comply with the revenue and finance law concerning reporting related to taxes and fees. Upon written request by the Forestry Development Authority, Alpha Logging & Processing shall provide to the Authority all documents required by it to determine Alpha Logging & Processing's compliance with monetary obligations. Upon written request by the Forestry Development Authority, Alpha Logging & Processing shall also provide all other information of whatever kind that the Government or its agents may request to fully evaluate its compliance with the contract and all legal requirements related to its operations.--Arts. B5.52, B5.53",,,,,,,,,,,,,,,,,,,,,,,,,,,,,,,,,,,,,,,,,,,,,,,,,,,,,,,,,,,,,,,,,,,,,,,,,,,,,,,,,,,,,,,,,,,,,,,,,,,,,,,,,,,,,,,,,,,,,,,,,,,,,,,,,,,,,,,,,,,,,,,,,,,,,,,,,,,,,,,,,,,,,,,,,,,,,,,,,,,,,,,,,,,,,,,,,,,,,,,,,,,,,,,,,,,,,,,,,,,,,,,,,,,,,,,,,,,,,,,,,,,,,,,,
Clause de hardship ou force majeure,Hardship clause or force majeure,"The term force majeure, as used in the contract, means any cause beyond the reasonable control of the parties and which the parties could not foresee and/or reasonably provide against and that prevents the parties from wholly or partially performing any respective duties under the contract for 15 consecutive days or more.  Failure on the part of Alpha Logging & Processing or of the Government to fulfill any of the terms and conditions of the contract, other than Alpha Logging & Processing's obligations to make payments of money that accrued before the commencement of the force majeure, shall not be deemed to be a breach of the contract by either party, insofar as such failure arose by force majeure. If through force majeure, the fulfillment by Alpha Logging & Processing of the terms and conditions of the contract is delayed, the period of such delay shall be added to the periods fixed by the contract. The party failing to fulfill the terms and conditions of the contract because of force majeure shall give written notice to the other party of the obligations affected and the reasons for failure within 30 days after the occurrence. Any party who fails because of force majeure to perform its obligations shall, upon the cessation of the force majeure, take all reasonable steps within its power to make good and resume, with the least possible delay, compliance with those obligations.",Art. B8.5,85 (top),,Clause de hardship ou force majeure//Hardship clause or force majeure,"The term force majeure, as used in the contract, means any cause beyond the reasonable control of the parties and which the parties could not foresee and/or reasonably provide against and that prevents the parties from wholly or partially performing any respective duties under the contract for 15 consecutive days or more.  Failure on the part of Alpha Logging & Processing or of the Government to fulfill any of the terms and conditions of the contract, other than Alpha Logging & Processing's obligations to make payments of money that accrued before the commencement of the force majeure, shall not be deemed to be a breach of the contract by either party, insofar as such failure arose by force majeure. If through force majeure, the fulfillment by Alpha Logging & Processing of the terms and conditions of the contract is delayed, the period of such delay shall be added to the periods fixed by the contract. The party failing to fulfill the terms and conditions of the contract because of force majeure shall give written notice to the other party of the obligations affected and the reasons for failure within 30 days after the occurrence. Any party who fails because of force majeure to perform its obligations shall, upon the cessation of the force majeure, take all reasonable steps within its power to make good and resume, with the least possible delay, compliance with those obligations.--Art. B8.5",,,,,,,,,,,,,,,,,,,,,,,,,,,,,,,,,,,,,,,,,,,,,,,,,,,,,,,,,,,,,,,,,,,,,,,,,,,,,,,,,,,,,,,,,,,,,,,,,,,,,,,,,,,,,,,,,,,,,,,,,,,,,,,,,,,,,,,,,,,,,,,,,,,,,,,,,,,,,,,,,,,,,,,,,,,,,,,,,,,,,,,,,,,,,,,,,,,,,,,,,,,,,,,,,,,,,,,,,,,,,,,,,,,,,,,,,,,,,,,,,,,,,,,,
Expropriation,Expropriation / nationalization,,,,,Expropriation//Expropriation / nationalization,,,,,,,,,,,,,,,,,,,,,,,,,,,,,,,,,,,,,,,,,,,,,,,,,,,,,,,,,,,,,,,,,,,,,,,,,,,,,,,,,,,,,,,,,,,,,,,,,,,,,,,,,,,,,,,,,,,,,,,,,,,,,,,,,,,,,,,,,,,,,,,,,,,,,,,,,,,,,,,,,,,,,,,,,,,,,,,,,,,,,,,,,,,,,,,,,,,,,,,,,,,,,,,,,,,,,,,,,,,,,,,,,,,,,,,,,,,,,,,,,,,,,,,,,
Autre - [le nom de catégorie],Other - [Name of Category],,,,,Autre - [le nom de catégorie]//Other - [Name of Category],,,,,,,,,,,,,,,,,,,,,,,,,,,,,,,,,,,,,,,,,,,,,,,,,,,,,,,,,,,,,,,,,,,,,,,,,,,,,,,,,,,,,,,,,,,,,,,,,,,,,,,,,,,,,,,,,,,,,,,,,,,,,,,,,,,,,,,,,,,,,,,,,,,,,,,,,,,,,,,,,,,,,,,,,,,,,,,,,,,,,,,,,,,,,,,,,,,,,,,,,,,,,,,,,,,,,,,,,,,,,,,,,,,,,,,,,,,,,,,,,,,,,,,,,
III. Notes sur le document,III. Document notes,,,,,III. Notes sur le document//III. Document notes,,,,,,,,,,,,,,,,,,,,,,,,,,,,,,,,,,,,,,,,,,,,,,,,,,,,,,,,,,,,,,,,,,,,,,,,,,,,,,,,,,,,,,,,,,,,,,,,,,,,,,,,,,,,,,,,,,,,,,,,,,,,,,,,,,,,,,,,,,,,,,,,,,,,,,,,,,,,,,,,,,,,,,,,,,,,,,,,,,,,,,,,,,,,,,,,,,,,,,,,,,,,,,,,,,,,,,,,,,,,,,,,,,,,,,,,,,,,,,,,,,,,,,,,,
Pages Manquantes de la copie,Pages missing from  copy,p. 23 missing,,,,Pages Manquantes de la copie//Pages missing from  copy,p. 23 missing,,,,,,,,,,,,,,,,,,,,,,,,,,,,,,,,,,,,,,,,,,,,,,,,,,,,,,,,,,,,,,,,,,,,,,,,,,,,,,,,,,,,,,,,,,,,,,,,,,,,,,,,,,,,,,,,,,,,,,,,,,,,,,,,,,,,,,,,,,,,,,,,,,,,,,,,,,,,,,,,,,,,,,,,,,,,,,,,,,,,,,,,,,,,,,,,,,,,,,,,,,,,,,,,,,,,,,,,,,,,,,,,,,,,,,,,,,,,,,,,,,,,,,,,
Annexes Manquantes de la copie,Annexes missing from copy,,,,,Annexes Manquantes de la copie//Annexes missing from copy,,,,,,,,,,,,,,,,,,,,,,,,,,,,,,,,,,,,,,,,,,,,,,,,,,,,,,,,,,,,,,,,,,,,,,,,,,,,,,,,,,,,,,,,,,,,,,,,,,,,,,,,,,,,,,,,,,,,,,,,,,,,,,,,,,,,,,,,,,,,,,,,,,,,,,,,,,,,,,,,,,,,,,,,,,,,,,,,,,,,,,,,,,,,,,,,,,,,,,,,,,,,,,,,,,,,,,,,,,,,,,,,,,,,,,,,,,,,,,,,,,,,,,,,,
